obs
5 11
6 7
5 16
15 11
3 20
17 8
13 17
16 19
3 5
1 8
5 19
10 21
12 9
1 21
5 9
4 4
3 22
15 22
4 1
4 5
14 18
7 12
9 16
13 16
15 8
15 19
18 18
5 20
13 12
11 9
6 19
2 4
14 20
13 9
2 8
18 8
9 22
13 14
17 10
2 0
14 17
7 13
6 10
4 12
3 2
1 6
6 6
16 22
10 14
9 13
18 13
11 12
8 8
15 18
16 15
6 16
8 17
6 3
3 9
6 23
12 15
14 10
14 9
13 13
1 18
13 22
0 6
9 9
11 16
11 22
2 20
2 2
5 4
7 10
1 20
4 7
10 12
13 23
14 5
14 23
17 20
5 0
12 18
8 20
8 1
10 18
12 12
15 15
8 13
8 12
3 18
1 1
9 18
8 15
4 10
7 16
17 5
12 7
15 21
15 6
3 4
15 14
15 9
7 3
7 17
8 5
17 18
17 15
9 10
10 9
2 7
12 22
7 11
7 21
3 14
12 16
11 13
4 22
6 20
5 1
8 6
4 2
2 23
18 5
18 6
16 20
6 1
4 21
12 19
11 5
6 17
3 8
7 15
3 7
7 22
8 10
9 11
15 23
6 8
1 3
12 21
17 14
5 22
17 11
16 18
7 4
17 17
7 2
4 17
6 4
13 5
1 19
0 8
7 20
11 10
8 4
4 16
11 7
5 5
14 8
7 9
10 7
7 6
12 10
6 0
14 7
1 4
6 12
17 19
9 23
15 13
8 16
3 19
13 18
12 6
8 21
16 21
7 7
15 20
11 8
11 11
18 15
9 20
6 13
0 21
11 17
8 7
12 13
18 9
8 0
18 11
16 14
10 15
5 10
14 22
2 18
0 9
9 6
5 21
4 8
5 18
12 8
11 6
14 14
10 5
15 12
8 19
7 1
14 13
8 9
18 20
2 3
11 15
13 21
1 2
16 13
5 2
16 9
3 0
13 11
18 16
5 14
17 12
0 11
15 10
5 8
16 7
16 12
10 6
3 1
8 18
2 6
6 11
12 5
7 14
6 15
17 22
6 9
7 18
3 17
12 11
4 3
5 17
8 11
18 14
13 15
13 20
17 16
10 13
4 20
16 23
9 21
3 3
14 19
16 11
3 6
1 5
6 22
11 14
5 7
7 19
5 3
14 6
6 14
4 9
9 17
9 15
15 16
10 16
2 9
5 23
10 11
16 8
12 23
9 19
13 8
8 2
10 8
17 6
16 17
10 22
5 15
4 19
0 10
13 10
18 12
2 22
8 3
4 0
14 15
6 18
10 17
12 14
13 6
16 10
1 7
0 7
11 23
6 21
10 23
14 16
18 21
9 7
9 12
14 12
13 7
2 5
16 6
18 19
7 0
17 21
6 2
11 18
7 5
18 7
5 12
6 5
9 14
11 21
13 19
2 19
2 1
17 7
10 10
12 20
18 10
14 21
18 17
1 9
8 14
9 8
1 0
17 9
4 18
15 7
17 13
15 17
16 16
14 11
pois
0 0
0 1
0 3
0 4
0 13
1 10
1 14
1 15
1 16
1 17
2 11
2 17
2 21
3 13
3 16
4 11
4 13
4 15
4 23
7 23
8 22
9 0
9 4
10 20
11 0
11 2
11 3
11 19
11 20
13 2
13 3
14 0
14 4
15 0
15 1
15 2
15 3
15 5
16 0
16 2
17 0
17 4
18 0
18 1
18 3
refs
10 20
11 20
7 8
18 23
11 19
2 15
12 17
3 23
4 6
10 19
3 16
5 13
8 22
5 6
3 10
4 23
2 21
4 15
2 17
0 20
17 23
1 12
7 23
18 22
3 21
0 5
15 5
4 11
16 5
9 5
1 10
width
24
length
19
