obs
73 101
36 36
46 1
94 136
145 61
118 137
143 121
73 81
16 6
149 69
111 166
57 55
87 99
21 40
39 17
31 35
38 165
60 41
110 105
108 128
140 101
131 162
75 67
28 31
86 45
60 102
47 3
53 14
90 128
48 151
104 128
121 91
143 115
147 106
91 93
42 19
47 164
96 70
104 144
112 152
121 52
140 144
146 133
129 108
39 10
72 76
10 170
41 21
57 23
145 88
142 67
85 177
79 171
72 112
144 146
113 96
62 139
142 63
91 58
118 147
60 144
46 82
88 53
27 52
22 67
72 54
65 143
120 167
19 36
132 89
111 67
101 53
22 150
71 166
102 128
107 106
111 70
92 92
48 134
40 14
92 56
105 83
16 150
123 61
68 77
41 159
68 102
21 65
107 114
61 151
57 41
113 105
64 145
84 96
50 61
144 46
41 4
125 150
62 135
39 175
39 7
122 137
23 44
26 41
81 177
128 110
84 178
92 143
70 79
44 111
99 58
53 102
62 103
148 163
116 62
54 33
74 68
25 27
101 69
22 181
85 101
58 14
111 153
31 146
27 45
101 45
51 74
34 23
56 8
147 91
22 70
20 10
54 7
38 19
43 111
43 2
36 134
105 47
130 145
16 7
40 76
15 164
103 110
109 124
62 94
54 151
85 82
143 137
86 176
125 67
145 47
108 177
95 138
63 115
132 114
20 159
59 37
6 64
47 169
26 157
112 124
89 66
23 148
43 7
65 127
29 50
50 81
123 100
103 99
80 110
66 80
32 16
123 135
55 16
94 86
70 159
148 69
116 95
49 14
130 172
28 0
147 85
96 82
19 26
64 84
65 151
115 94
35 65
121 104
145 66
76 171
46 13
21 15
115 73
90 119
139 61
53 33
18 33
62 149
104 69
113 133
142 162
92 147
92 149
63 127
126 151
136 159
17 17
49 149
130 86
115 169
51 42
105 104
62 85
128 151
44 67
123 102
79 59
125 115
96 126
46 6
68 131
141 115
111 45
62 86
83 54
130 111
123 79
128 180
113 79
108 134
56 19
63 174
122 150
143 127
24 60
51 13
104 102
56 18
70 89
142 111
90 171
23 69
129 148
117 152
38 18
16 57
66 169
127 100
19 69
34 2
32 37
116 66
126 112
104 162
31 61
116 58
25 39
48 75
115 72
47 4
50 169
96 56
94 110
127 165
140 114
120 86
120 172
68 17
39 160
71 161
43 71
112 77
139 161
71 115
20 158
46 63
91 143
35 33
16 21
48 35
140 147
42 32
56 134
91 183
11 52
130 89
110 134
89 81
140 93
114 148
22 157
31 30
108 133
78 54
42 77
70 78
62 132
106 167
56 29
20 148
118 98
45 74
14 35
68 166
100 171
75 87
44 75
66 123
40 20
127 53
89 182
140 85
84 181
111 180
13 60
96 85
144 129
14 65
19 2
43 179
106 94
24 25
47 135
68 150
96 43
108 173
90 181
73 84
81 183
73 139
56 3
140 142
116 160
123 104
44 74
87 90
11 15
68 1
112 56
68 87
140 81
38 33
4 55
145 45
100 174
145 87
72 99
120 175
142 74
5 56
119 79
75 78
61 19
120 52
57 2
64 107
62 77
87 148
41 7
141 83
101 163
20 13
126 55
44 65
67 160
41 29
129 106
49 5
138 172
49 180
92 137
26 19
61 22
128 127
115 106
62 144
15 66
44 29
122 84
49 147
123 92
46 60
30 53
66 164
57 3
101 55
125 174
141 129
121 77
144 160
112 178
124 105
129 164
22 45
138 127
65 78
126 60
146 119
146 84
147 164
5 72
141 81
141 111
16 27
17 156
102 160
118 54
94 177
60 37
75 102
18 25
113 106
105 176
69 68
95 108
32 147
57 16
118 184
93 136
139 54
53 106
96 106
54 104
64 14
13 69
81 82
115 100
43 27
58 5
131 83
131 88
57 160
108 98
65 163
78 57
108 115
143 119
47 100
79 169
56 34
60 84
146 124
145 151
86 184
21 156
110 70
109 115
47 79
50 88
127 120
117 130
31 145
46 37
111 69
77 171
144 44
67 16
20 56
86 175
63 29
44 18
13 25
97 52
42 15
53 54
52 135
121 87
123 65
71 78
44 91
57 85
135 173
60 147
40 34
84 45
86 67
56 21
64 106
17 149
46 158
21 38
90 143
42 38
130 149
63 27
49 21
59 13
112 95
45 58
42 159
145 89
86 122
65 110
119 180
35 57
59 143
42 147
47 140
22 3
41 18
74 81
103 92
109 95
37 169
65 113
142 102
60 112
62 35
121 165
99 171
25 137
121 67
105 135
141 90
126 91
110 54
94 62
145 90
40 147
14 27
116 109
81 105
108 82
143 48
45 9
91 101
35 137
146 91
136 175
115 91
128 107
52 12
34 40
58 39
48 170
103 109
39 146
98 68
66 17
56 54
14 161
94 65
47 20
125 149
45 3
68 157
118 138
117 99
110 159
37 12
37 74
65 37
18 4
30 14
73 112
107 151
26 36
11 23
148 167
61 9
59 84
140 100
95 124
88 107
40 75
90 95
147 142
115 178
40 69
147 86
101 68
40 12
30 66
60 133
88 93
129 179
37 78
103 68
126 113
97 98
20 27
94 44
115 146
123 97
66 40
24 8
37 61
139 166
56 159
86 59
45 45
138 68
31 1
11 26
91 119
63 138
6 57
49 63
69 132
13 159
75 163
119 136
99 170
38 42
132 79
48 8
39 63
48 162
101 178
58 145
123 101
129 65
77 174
46 165
13 7
33 156
69 141
54 173
11 147
57 90
118 77
87 103
90 146
40 172
83 89
114 88
61 115
119 124
28 2
72 114
81 84
129 88
72 158
48 71
102 102
113 91
32 9
147 102
71 134
48 43
112 147
21 162
129 87
88 184
25 139
69 150
32 44
49 28
127 90
69 111
63 102
127 86
82 91
102 93
24 2
53 38
25 14
146 136
129 89
84 174
45 145
148 149
119 132
102 145
113 44
93 141
107 107
111 56
44 146
139 170
92 134
121 106
42 0
101 98
102 172
127 99
40 39
34 144
58 168
15 17
103 56
87 134
107 127
125 116
103 55
137 163
39 131
109 161
108 101
20 15
70 110
19 151
105 68
109 110
43 31
57 176
83 67
127 185
59 38
139 129
141 73
132 90
40 5
129 115
36 76
79 61
146 44
137 168
57 102
65 77
44 20
123 163
36 169
65 20
108 153
19 24
31 4
83 95
46 58
107 91
118 60
129 183
85 168
6 76
71 126
26 39
26 158
75 159
12 24
22 148
130 65
142 143
75 85
94 138
89 177
95 65
62 127
10 150
73 80
92 52
66 102
60 105
114 146
141 164
68 94
113 149
87 144
129 174
50 38
130 127
25 31
25 41
107 148
95 119
15 52
16 183
139 173
110 57
54 130
46 68
127 138
54 159
44 3
76 159
148 160
103 127
43 145
66 76
59 27
95 98
44 39
108 137
35 145
135 172
69 107
126 104
97 44
123 52
32 7
144 168
62 81
19 38
47 43
143 80
20 62
47 81
41 178
105 106
25 51
98 70
90 111
37 71
30 143
79 52
46 99
98 176
62 137
56 33
127 105
43 58
50 24
30 54
69 133
82 104
24 160
21 175
71 101
67 140
65 39
113 62
136 124
11 54
49 134
64 99
29 148
57 168
54 36
47 38
102 124
86 106
87 138
30 65
87 54
16 34
48 39
11 6
63 150
31 62
45 2
12 6
60 18
117 125
47 2
102 164
119 129
93 53
58 15
45 159
31 66
66 43
30 20
128 61
141 126
29 51
125 185
68 4
90 97
38 62
44 83
11 55
34 58
131 178
88 170
71 143
23 35
39 29
19 150
47 168
64 132
7 70
65 149
87 128
82 107
65 166
59 157
15 6
146 65
56 10
91 146
110 107
55 165
105 44
46 168
73 130
105 162
84 119
16 163
18 54
66 124
57 1
132 56
109 121
124 145
68 108
43 171
138 116
141 125
118 186
86 126
142 126
110 169
131 109
112 143
99 70
66 136
35 39
86 94
26 3
101 101
126 179
70 80
74 137
145 125
49 169
142 71
54 171
26 21
63 134
94 175
75 164
86 83
59 137
77 177
60 15
139 179
45 111
43 142
117 59
120 121
25 33
145 112
103 128
73 141
34 30
107 143
33 15
29 13
108 84
138 171
49 25
35 30
69 85
131 98
89 102
104 169
50 90
21 158
140 169
136 168
33 0
20 43
52 0
74 63
7 74
124 58
26 70
102 162
95 125
146 151
23 56
52 64
50 31
34 13
146 160
128 172
49 60
95 178
50 5
127 58
139 164
128 133
116 180
115 139
43 77
97 86
13 10
106 96
100 164
27 58
50 134
97 53
50 170
91 105
75 98
58 89
94 68
144 135
96 57
116 72
90 93
124 78
39 62
88 108
40 8
131 57
27 140
11 19
39 132
47 177
64 92
58 18
142 159
120 147
50 54
36 37
46 157
143 151
55 0
59 18
25 24
141 64
141 177
122 171
145 48
100 59
116 82
5 89
28 29
43 162
113 144
125 136
68 30
139 130
64 166
117 182
138 44
43 161
135 178
119 55
112 94
86 57
82 140
55 179
12 163
131 65
89 92
31 59
87 121
120 102
58 31
65 8
53 53
94 102
65 9
111 138
140 111
36 4
16 164
66 162
16 17
98 54
87 68
49 59
47 91
56 104
50 171
57 87
88 140
41 182
13 39
25 160
65 132
132 87
97 69
21 184
42 66
35 0
95 90
22 53
108 166
85 96
122 181
45 177
123 78
51 100
7 68
147 65
91 173
146 130
94 172
128 56
41 166
88 100
39 13
55 131
71 98
18 35
113 146
40 160
92 173
64 131
65 6
115 137
38 134
148 164
117 123
121 112
122 90
67 131
19 58
24 42
29 40
109 145
140 167
15 28
62 84
10 167
78 164
27 42
40 64
18 26
132 73
25 1
63 133
109 62
13 149
118 110
108 122
130 92
3 62
114 90
76 166
81 120
131 101
138 100
28 58
50 27
24 1
64 81
101 164
113 53
13 32
50 33
26 23
116 125
128 148
31 38
57 80
23 4
60 78
17 6
29 8
124 159
34 147
27 20
116 162
140 61
105 163
64 147
63 157
77 162
50 91
138 70
122 89
43 70
87 55
129 120
14 31
104 168
65 24
45 167
114 78
97 170
24 139
55 107
56 167
42 18
82 55
62 136
10 165
32 149
127 67
112 182
123 90
79 180
27 61
50 10
115 78
44 76
92 102
123 167
97 102
121 133
70 164
40 6
11 16
104 145
48 163
29 136
13 14
47 6
48 172
131 104
37 56
63 18
120 148
27 60
2 52
11 22
18 1
52 87
75 186
116 122
11 64
116 83
49 12
85 111
147 130
57 163
91 59
39 75
87 185
48 117
82 124
68 172
12 31
63 141
122 110
60 158
118 153
32 143
104 59
106 176
107 136
82 106
104 65
46 14
62 110
38 159
94 104
62 138
36 60
91 60
129 165
20 5
109 180
14 64
112 148
52 173
61 136
144 127
12 2
42 117
42 180
148 67
50 9
108 97
28 149
132 113
121 66
143 159
45 43
142 49
58 4
126 83
105 58
32 33
62 29
124 169
12 59
66 28
45 29
40 32
114 99
90 182
63 36
98 52
107 128
29 19
36 43
147 149
47 31
67 123
118 80
38 11
84 81
88 96
70 113
140 166
141 148
54 177
132 71
84 139
107 137
125 125
135 171
111 133
130 73
19 27
122 126
70 143
48 20
94 101
46 28
7 77
86 102
100 65
112 134
146 100
4 67
24 24
59 179
55 4
129 129
112 79
118 91
81 103
112 97
111 61
77 63
55 164
33 59
39 156
147 163
11 4
122 177
52 61
108 132
74 150
61 102
147 62
27 6
38 6
54 28
42 176
19 56
63 137
62 151
41 3
12 26
140 70
82 100
49 167
49 144
33 23
129 171
127 98
89 83
88 92
22 27
31 44
19 62
118 124
63 144
136 143
24 140
56 172
28 138
50 28
129 163
57 138
73 65
65 172
121 99
112 86
86 136
11 56
62 78
10 164
74 139
92 177
6 59
124 53
53 105
52 3
116 79
110 178
57 178
88 126
137 172
119 107
139 175
149 125
24 34
91 95
27 40
30 12
147 147
78 186
10 172
46 34
136 162
21 10
19 156
74 88
26 138
51 69
126 172
129 178
143 53
38 148
97 54
49 7
85 176
105 80
58 33
129 94
16 37
111 130
121 119
73 54
128 171
144 82
70 135
117 66
143 147
43 183
111 87
36 136
41 57
56 40
16 179
139 144
104 111
57 157
36 30
121 61
24 56
63 179
136 148
108 168
95 170
97 182
91 185
78 158
109 45
87 53
20 60
32 28
26 53
74 179
89 55
109 103
18 50
44 114
57 142
110 73
124 56
64 90
29 11
17 44
16 177
11 5
11 13
29 30
53 40
99 71
142 89
57 171
132 72
63 23
120 164
39 35
14 62
85 109
20 24
29 53
117 107
118 174
126 90
139 110
69 166
62 142
66 158
50 45
105 81
142 163
14 170
40 143
29 161
18 181
131 123
53 2
33 166
52 4
116 138
39 145
140 162
87 142
86 173
58 55
46 45
73 131
112 88
109 100
70 91
146 146
68 165
110 137
14 14
105 149
116 182
68 5
71 146
81 89
39 171
16 14
95 55
14 28
141 134
128 169
61 40
61 77
15 27
41 174
73 151
101 58
126 177
103 116
117 164
144 88
113 101
27 136
120 91
37 2
56 166
68 45
37 134
39 174
47 180
23 33
122 111
104 96
60 160
35 74
35 140
127 74
122 65
113 58
58 170
40 27
5 70
23 39
63 52
13 23
54 162
118 119
18 183
83 85
70 161
63 38
52 8
95 177
13 148
14 18
54 25
39 101
48 178
87 98
146 70
41 30
51 44
82 110
39 11
105 179
139 167
23 14
16 31
98 182
87 86
102 161
42 110
59 86
57 140
23 53
109 68
146 120
62 178
18 15
129 95
74 60
40 23
59 81
13 24
46 61
138 62
125 173
78 56
64 51
138 147
96 81
87 141
109 125
87 70
123 177
88 144
11 158
130 185
12 36
75 89
19 162
15 22
49 87
22 185
26 20
125 168
140 139
85 120
128 105
44 36
115 119
145 110
46 83
69 157
53 151
82 134
43 33
65 85
22 54
21 27
126 144
62 134
49 18
74 114
15 148
40 148
40 67
67 124
66 161
86 108
47 58
137 164
46 64
30 57
12 157
142 61
60 145
99 62
145 138
4 76
103 93
64 41
96 181
86 146
117 124
55 175
11 12
48 80
74 166
65 159
81 91
56 2
61 36
55 24
65 35
31 15
25 17
92 94
38 60
39 18
124 106
117 94
65 84
103 169
65 141
22 5
118 85
54 100
59 161
64 158
97 65
26 57
115 47
96 55
63 136
121 80
14 51
67 0
118 114
49 19
71 87
52 14
116 177
128 183
117 97
88 59
95 147
6 53
46 87
105 160
48 3
47 147
114 73
74 87
57 86
140 175
58 44
105 97
44 0
144 60
29 160
112 47
124 54
120 128
101 71
28 14
18 66
46 18
125 52
51 70
61 84
136 181
74 186
97 87
22 156
15 5
101 59
127 103
60 167
128 182
24 13
15 156
35 69
112 82
72 91
130 153
44 183
146 66
89 56
128 176
105 100
79 60
50 132
58 27
61 52
15 50
95 148
42 40
50 7
107 96
73 115
74 106
114 56
148 125
143 114
84 84
35 169
116 86
122 95
20 2
70 151
13 29
25 28
44 169
87 62
130 71
146 150
96 176
136 170
117 136
88 149
120 107
18 13
127 123
38 45
14 45
123 53
60 174
81 181
64 88
103 67
66 18
124 161
110 166
17 62
11 51
12 69
131 172
74 131
63 78
21 41
144 153
121 176
61 45
31 55
97 89
104 178
51 23
6 52
103 147
85 69
49 3
78 176
58 43
66 39
81 119
61 79
91 103
143 167
128 55
102 152
66 131
23 181
55 157
96 58
114 149
146 110
122 97
19 181
132 100
119 182
46 169
108 85
33 62
45 83
33 137
59 40
143 113
28 1
49 99
55 151
114 180
67 106
57 162
15 25
51 0
62 107
62 36
46 101
70 98
88 122
111 184
85 186
108 129
144 48
42 149
81 122
126 124
70 90
47 139
83 93
24 37
12 10
140 86
94 123
66 166
110 79
135 174
8 166
65 114
56 25
52 140
60 33
74 62
94 119
139 113
46 142
17 157
72 163
39 136
111 121
34 158
110 106
102 65
109 59
72 136
94 179
40 159
81 173
148 66
52 7
111 163
95 168
33 4
111 66
37 28
147 126
85 143
63 122
129 128
32 150
44 174
93 140
119 130
48 60
51 82
50 6
102 176
48 179
142 101
98 185
54 180
18 52
39 41
13 68
121 88
46 80
53 104
38 156
25 64
49 8
60 3
141 48
66 93
50 51
44 8
143 129
38 63
54 105
30 16
61 104
37 32
98 56
114 151
131 165
116 112
60 176
96 177
119 169
57 137
90 126
105 54
56 27
117 106
94 100
126 103
129 167
21 163
97 185
143 82
19 6
112 66
16 67
129 145
132 106
61 166
115 84
83 55
30 162
114 82
47 157
44 68
23 70
36 164
144 144
40 134
117 119
75 160
7 89
30 9
68 11
92 179
145 105
141 124
111 54
115 96
85 89
93 111
45 71
143 146
130 165
27 146
122 78
137 176
16 38
33 5
60 11
46 72
123 71
119 161
55 53
49 142
144 93
36 42
97 94
129 60
62 100
28 67
54 150
45 89
76 179
124 95
46 119
70 122
44 28
48 58
138 129
55 172
66 45
146 102
80 97
14 53
140 112
114 124
39 143
111 167
40 61
22 4
18 67
86 186
37 30
15 35
72 90
55 140
128 109
84 145
17 50
143 148
14 44
45 6
8 157
110 94
46 177
72 105
114 133
70 128
31 69
52 5
13 56
44 43
99 176
46 10
51 27
122 62
109 179
65 3
123 178
104 163
17 59
97 109
128 74
63 24
75 180
131 112
42 177
147 167
68 10
47 41
29 70
18 9
73 134
144 128
117 110
36 99
126 87
93 83
68 144
71 99
65 31
138 110
106 174
48 99
12 149
51 12
139 180
118 84
40 68
65 5
62 181
66 54
105 110
76 79
103 71
100 161
44 171
85 141
118 159
45 18
107 84
82 126
52 176
113 121
22 30
18 150
72 64
88 54
114 85
126 58
91 107
60 143
135 166
96 66
26 136
129 54
74 151
11 38
118 82
71 145
62 175
71 55
104 62
77 181
12 147
122 58
7 60
66 149
110 60
101 61
71 54
122 74
47 69
121 181
62 23
143 111
5 76
90 99
127 108
89 104
41 179
39 40
137 147
92 61
70 166
106 127
102 110
54 8
44 151
62 174
34 145
43 29
143 163
46 89
124 110
47 165
142 54
122 60
125 177
96 180
123 180
13 36
90 121
70 137
86 110
108 121
121 96
137 162
12 52
60 31
87 45
99 44
49 67
113 98
37 42
111 73
67 38
88 127
132 80
64 98
146 122
33 36
50 136
39 150
28 27
137 178
128 163
11 30
75 90
103 174
128 185
49 132
52 68
135 180
40 13
91 148
72 98
19 21
89 184
33 12
44 60
41 114
26 62
66 27
84 144
26 10
131 93
35 160
118 183
47 1
127 148
31 27
115 145
115 53
88 174
120 92
29 7
21 160
27 37
91 61
70 84
61 43
26 116
121 126
41 40
48 148
34 10
68 115
53 51
93 174
44 58
142 133
94 93
128 90
111 176
23 29
145 126
32 68
20 163
117 57
21 59
83 128
115 90
148 126
39 76
133 53
71 171
137 145
124 107
123 123
67 110
135 175
10 168
72 134
52 21
138 115
34 61
17 55
51 174
39 161
82 142
131 171
111 80
64 54
129 124
142 150
16 162
5 54
106 101
84 137
4 72
99 179
73 67
76 162
125 146
120 81
39 33
93 178
42 71
132 85
102 142
11 167
49 34
100 67
122 130
101 149
115 48
62 114
70 139
107 178
19 18
38 17
86 62
147 82
45 67
87 183
46 42
45 173
96 123
114 175
42 22
117 174
40 168
74 65
33 70
39 164
24 11
59 10
80 104
111 72
93 147
46 30
53 181
72 84
107 145
147 63
70 53
29 66
111 173
109 107
124 175
21 22
88 141
27 70
91 111
13 59
61 177
110 132
138 173
29 0
112 175
29 64
130 134
73 182
41 100
142 134
59 167
43 45
122 92
73 69
2 53
53 42
103 163
111 143
116 105
32 11
61 150
67 91
67 170
35 66
46 5
59 132
35 156
86 95
63 93
125 153
88 86
149 66
56 24
44 72
80 94
116 56
67 2
81 136
28 51
72 133
109 102
34 27
114 87
60 161
102 114
73 164
123 74
112 137
52 75
92 47
66 99
62 89
143 69
22 19
101 92
101 143
125 68
109 101
21 57
46 35
47 63
36 162
83 52
113 125
74 177
84 46
13 67
38 74
66 101
85 185
138 45
20 11
112 60
100 166
48 87
39 16
110 97
101 44
88 87
126 133
70 99
33 8
63 176
57 135
126 96
113 138
111 148
87 184
107 113
139 114
144 49
97 66
102 146
90 147
14 41
122 166
106 78
59 42
34 5
50 142
118 120
127 85
33 39
71 158
129 113
141 65
62 8
146 126
38 40
45 118
68 89
121 98
92 144
13 50
43 1
93 89
109 159
75 162
78 62
56 139
61 89
83 94
104 112
116 153
49 135
32 35
73 136
30 5
38 143
57 6
48 66
128 144
23 18
68 114
90 185
28 64
95 182
140 159
96 120
46 151
26 8
71 163
101 147
88 56
40 163
122 56
39 25
69 100
97 108
47 27
89 142
73 135
125 53
145 102
123 115
110 100
45 91
63 54
48 42
42 36
146 143
63 140
84 97
41 164
128 147
44 2
141 173
54 167
107 169
144 114
31 34
75 83
27 12
27 17
50 25
109 61
33 145
130 70
116 174
82 169
78 166
36 24
93 44
16 33
110 161
51 81
77 178
50 138
97 111
131 170
117 170
129 170
38 98
19 3
23 31
122 57
89 124
123 175
147 67
13 16
96 169
96 71
141 53
97 82
8 164
117 56
35 23
80 99
27 62
115 123
62 21
124 68
128 66
78 159
94 137
128 186
67 159
54 39
93 81
76 161
4 54
7 88
104 173
66 51
21 0
18 149
111 171
107 135
11 157
88 60
75 93
38 171
3 64
63 45
50 86
53 6
115 77
140 127
125 179
123 77
83 186
36 139
144 126
61 159
100 167
90 98
94 184
62 129
48 138
26 35
42 21
114 95
37 16
31 18
131 167
60 180
113 88
91 147
89 98
144 142
21 8
51 83
138 48
146 114
34 171
126 183
142 161
60 172
62 176
12 13
94 142
66 94
121 107
115 88
51 133
18 27
104 97
86 55
37 14
121 89
61 99
71 94
52 24
54 161
58 151
11 11
2 54
89 95
96 171
142 44
116 71
147 159
67 128
66 106
105 71
32 29
137 166
66 115
142 149
119 84
123 147
29 67
70 69
12 45
130 182
17 56
144 116
44 30
55 29
72 104
39 26
64 40
34 28
37 44
117 129
138 128
89 101
69 140
95 139
115 65
81 106
71 170
119 119
27 138
11 7
137 49
63 55
62 101
41 67
32 23
19 39
114 153
4 70
84 44
83 168
126 166
125 106
5 60
148 61
94 171
83 171
30 40
123 67
57 82
61 82
38 24
85 104
108 61
49 76
54 38
7 72
112 151
118 55
120 88
29 45
85 139
131 100
63 53
122 105
31 10
38 35
40 19
75 91
52 79
89 183
22 12
62 170
7 71
63 126
48 56
64 43
106 143
98 61
118 72
62 87
135 181
49 172
140 160
48 85
147 84
61 54
62 150
16 16
59 79
105 174
96 145
118 128
12 65
57 8
22 33
128 71
82 125
4 88
47 83
56 42
44 88
52 178
69 84
143 139
22 0
23 27
68 33
35 167
17 36
112 173
13 28
102 56
103 143
145 113
136 145
22 14
127 93
66 4
35 159
132 88
24 141
90 101
90 135
83 142
147 90
15 151
58 157
142 128
116 111
126 71
70 112
22 69
65 147
24 44
31 139
99 60
53 60
35 56
3 61
137 146
23 2
129 126
123 58
67 82
7 50
45 148
33 26
85 173
23 58
92 142
104 149
53 7
122 168
93 124
59 24
15 41
34 44
120 89
44 35
43 177
32 146
50 167
57 179
41 28
123 54
140 65
29 27
3 50
130 178
32 166
110 176
42 62
27 11
101 91
147 73
130 58
120 126
145 100
63 159
72 147
143 123
111 177
94 55
21 23
18 32
94 95
67 36
43 60
24 54
46 67
75 63
13 13
19 160
71 141
58 13
142 82
65 79
131 184
50 53
40 150
130 88
57 164
139 128
140 88
34 141
93 69
59 135
35 28
27 54
57 78
93 93
21 28
139 106
44 148
132 60
11 45
113 124
67 83
84 106
98 172
32 40
106 120
111 168
131 164
42 183
95 53
22 183
16 185
30 41
140 91
132 91
85 66
89 89
62 113
24 156
141 169
95 89
120 127
121 162
53 65
49 174
111 174
36 166
106 105
71 84
34 60
111 47
24 6
106 114
90 149
49 171
99 175
117 127
27 50
75 82
116 179
61 107
83 127
59 151
118 145
49 140
117 61
87 147
92 55
28 65
117 185
87 59
117 104
22 18
141 179
149 73
50 8
44 6
72 132
56 145
28 148
110 148
56 1
112 170
124 151
86 125
121 159
57 145
138 160
42 167
45 60
145 81
113 45
33 42
88 91
27 141
112 120
59 85
113 100
123 150
93 121
14 57
66 172
144 68
38 3
66 86
79 158
104 175
37 5
28 140
127 169
68 109
67 23
11 65
19 147
68 160
129 182
118 181
64 32
1 53
58 180
14 164
49 4
20 178
36 18
13 31
53 149
26 14
114 110
115 174
129 59
74 90
15 23
80 92
48 81
48 12
44 9
36 157
58 174
61 161
147 148
35 45
121 109
88 169
30 150
4 64
126 137
20 151
57 37
57 139
51 40
138 72
80 119
82 120
50 77
51 88
43 37
29 17
47 166
83 178
57 172
39 15
44 79
115 149
81 102
60 110
93 143
131 62
119 123
34 156
31 40
46 11
34 163
131 108
102 143
47 66
40 170
103 173
6 72
94 67
62 39
71 79
146 92
115 162
40 45
120 176
49 90
81 95
129 109
116 94
139 65
42 59
106 126
114 47
89 62
67 133
16 10
105 85
121 55
124 108
32 62
66 129
71 70
145 130
113 108
45 146
67 44
143 91
125 121
23 36
54 5
140 63
43 14
75 101
50 56
63 123
43 0
12 34
73 85
69 165
24 67
31 23
21 60
133 56
34 16
8 158
126 101
40 0
53 58
7 61
67 165
71 151
37 34
62 108
46 76
74 181
50 30
144 145
140 180
103 65
16 35
19 10
103 54
115 104
104 179
12 56
112 90
117 116
41 180
122 121
138 180
57 11
103 148
5 55
77 55
100 169
105 169
87 137
96 172
89 138
34 143
27 13
101 151
146 104
130 162
21 26
82 136
67 134
143 83
64 128
129 84
62 169
47 174
55 33
66 103
70 163
47 33
130 176
116 89
65 44
28 70
5 58
122 119
13 41
102 98
19 68
91 98
127 172
114 98
64 87
107 78
30 151
94 88
21 62
33 164
105 95
53 139
63 37
81 125
40 175
85 135
73 78
117 95
72 103
74 105
39 67
97 91
15 161
50 179
27 22
121 93
16 44
58 53
52 25
68 6
48 55
111 98
119 52
128 106
32 66
102 166
60 142
127 97
104 160
34 43
89 70
144 159
119 77
108 120
27 68
43 30
49 0
17 9
41 5
113 153
10 156
22 55
33 158
74 145
56 11
33 9
44 25
35 40
73 102
63 91
129 83
144 102
141 167
117 114
64 39
38 160
46 91
68 79
93 86
108 174
94 99
56 43
11 42
141 163
92 107
62 37
127 62
49 56
102 94
110 167
14 25
139 66
124 148
110 44
141 159
123 168
25 43
126 102
91 81
58 142
42 72
12 161
141 102
34 0
43 66
31 7
98 173
112 128
65 164
11 50
94 146
49 32
66 77
27 147
92 106
116 84
12 172
84 123
48 88
94 58
51 105
142 99
13 150
52 105
54 6
39 19
7 69
105 45
28 60
30 37
86 181
121 57
105 161
105 107
84 88
126 69
121 175
81 54
141 127
113 176
6 66
71 128
76 157
53 16
109 91
53 43
34 70
43 10
58 23
84 42
45 170
39 169
63 84
109 109
130 84
97 61
105 171
13 62
15 8
139 163
29 137
69 91
53 18
22 13
23 9
6 49
30 29
101 172
120 103
17 184
65 55
96 68
94 70
66 138
126 85
51 103
44 85
65 130
72 128
119 112
53 175
95 136
84 105
14 61
42 143
47 21
16 0
38 59
122 134
95 84
127 111
92 139
12 29
58 7
114 170
76 163
14 26
27 51
60 159
89 180
43 112
96 142
138 142
8 168
106 135
20 22
40 43
121 177
83 174
124 92
11 169
48 54
142 86
25 56
87 111
74 184
80 125
73 144
36 26
82 177
107 121
20 20
123 174
49 159
33 41
104 148
74 141
144 151
36 27
66 148
115 103
139 70
124 74
80 56
26 137
9 163
58 140
146 167
6 74
104 161
60 88
17 179
105 133
7 169
84 68
80 54
32 160
60 52
51 77
53 144
9 170
90 145
69 129
92 175
15 14
5 67
44 77
52 136
103 104
112 45
54 138
80 173
79 179
66 9
36 31
126 111
137 181
66 19
99 65
114 127
120 168
51 25
24 136
57 40
116 97
115 69
129 105
39 147
7 51
65 129
30 28
44 34
125 135
66 78
113 182
110 112
105 112
113 111
123 113
88 134
112 68
120 84
86 86
65 25
120 93
29 5
80 175
108 148
41 56
49 133
61 37
14 39
26 24
117 128
6 78
42 173
88 69
72 89
120 133
68 168
130 173
45 59
109 113
105 164
61 4
141 94
20 57
90 85
51 17
7 78
13 173
57 17
89 65
65 41
72 65
30 156
149 71
143 87
66 151
59 29
65 16
92 124
44 32
14 156
86 180
61 160
130 137
128 136
53 174
117 82
103 151
45 44
25 59
106 125
131 122
48 79
41 65
47 118
142 93
46 71
11 59
41 43
14 22
26 33
17 21
40 62
117 120
97 169
16 64
83 185
130 68
52 106
32 161
74 113
43 163
131 169
117 101
88 55
123 172
35 78
27 25
60 54
7 49
36 171
52 42
42 34
80 52
63 168
62 167
76 78
116 65
34 161
90 105
142 169
78 170
62 166
114 128
45 38
95 96
112 150
143 45
49 62
59 14
113 137
97 110
51 30
67 45
52 134
87 81
129 103
49 74
145 114
113 107
63 32
9 148
125 58
51 90
17 181
103 113
12 39
104 57
87 95
60 138
117 90
69 86
52 90
140 47
56 132
69 77
109 168
22 16
53 178
143 60
32 165
68 130
109 72
91 141
33 139
43 110
129 138
48 140
61 27
73 89
44 181
106 132
142 94
53 165
70 70
80 83
105 142
60 150
66 20
77 169
67 79
91 123
125 127
86 103
66 35
45 72
139 169
90 134
75 166
142 176
62 104
111 77
92 81
115 54
145 163
29 59
33 20
127 107
97 97
17 3
21 31
16 161
47 7
56 177
50 161
147 116
3 59
31 21
129 135
29 31
104 52
44 70
147 89
116 90
21 7
127 150
67 21
116 132
71 104
69 88
93 43
89 96
105 99
71 139
93 180
114 94
78 179
144 101
87 44
131 71
112 57
108 178
46 134
71 129
24 7
129 153
74 143
31 31
48 5
63 5
129 184
20 68
45 19
113 82
107 79
139 71
122 112
72 88
62 55
68 138
123 68
60 135
140 72
49 162
147 64
60 136
52 35
121 110
87 109
53 130
14 12
41 72
94 185
109 123
118 160
95 106
44 42
66 170
46 145
68 143
37 4
97 103
142 53
9 149
140 179
38 157
92 43
104 95
53 0
43 167
143 93
42 113
66 37
87 177
123 162
27 1
30 69
127 66
38 168
143 136
130 96
115 135
55 136
77 182
103 62
7 67
95 169
4 69
130 107
38 20
81 186
127 147
32 141
48 143
53 10
47 82
19 16
38 58
68 37
148 124
118 92
57 141
45 39
32 163
141 112
129 144
26 52
61 165
80 128
68 104
21 16
46 29
93 57
39 36
79 177
24 3
108 164
142 125
124 66
55 148
51 35
93 127
109 92
7 58
43 159
98 175
60 165
52 66
42 168
71 77
138 73
83 108
68 16
71 100
45 31
75 86
28 139
147 71
57 31
132 68
101 175
41 168
94 180
29 3
60 162
88 99
92 89
33 56
144 130
17 68
17 28
131 55
64 101
146 112
46 81
89 86
91 92
145 94
35 171
119 100
62 162
47 18
94 143
12 43
113 174
139 64
118 173
60 164
76 184
129 172
44 22
44 110
142 167
128 177
44 4
17 13
75 108
8 163
113 103
38 100
13 169
26 0
16 22
28 39
111 132
28 12
115 159
53 169
145 145
83 184
91 126
129 74
4 61
82 127
91 102
56 20
104 93
37 158
50 70
132 101
123 91
93 100
42 16
146 80
103 58
127 135
35 17
127 128
117 93
24 138
42 14
112 113
105 103
47 99
51 28
58 20
106 142
65 53
11 172
19 43
127 116
125 113
20 16
33 24
107 109
115 52
33 60
111 114
46 3
87 172
114 109
89 110
34 9
122 162
105 84
41 165
33 157
117 175
85 123
89 59
113 139
62 22
111 137
109 146
146 69
65 43
119 105
75 109
109 112
62 3
105 124
44 149
41 59
15 37
131 102
115 175
126 127
16 13
38 9
143 68
123 85
38 164
22 63
145 64
144 125
80 85
36 168
50 0
4 63
72 135
54 11
121 82
5 59
17 61
35 61
66 22
90 127
130 94
124 138
67 6
111 102
65 131
62 148
97 171
48 168
78 162
49 75
46 162
39 42
128 91
13 43
49 71
59 175
23 42
34 17
122 133
127 59
126 53
55 15
46 150
97 95
81 147
36 16
93 82
60 100
30 52
107 97
138 63
48 13
32 162
56 23
128 108
130 109
108 59
33 6
23 41
56 51
49 176
55 145
91 142
72 109
6 62
26 17
43 174
17 24
15 36
104 142
147 124
15 149
95 146
92 100
62 112
46 85
107 95
142 172
49 89
53 179
114 161
65 76
115 130
62 10
30 36
54 146
77 175
113 71
130 167
18 63
22 179
81 87
89 147
65 160
62 42
91 54
88 123
52 37
42 171
100 176
50 42
27 39
36 78
135 164
63 124
24 40
43 69
16 23
68 36
51 59
112 73
100 172
24 17
63 34
116 149
126 174
43 57
36 135
24 176
67 171
100 173
103 142
94 170
108 81
14 43
148 127
94 107
36 38
29 12
111 48
50 180
130 122
33 21
43 26
14 169
35 100
107 100
122 73
67 138
142 68
88 168
121 60
68 90
29 6
95 175
105 122
59 163
120 139
81 128
20 34
124 165
93 94
89 106
105 159
99 67
65 111
30 2
47 167
70 172
100 44
63 3
75 175
35 38
119 172
142 173
139 60
84 147
100 62
83 106
51 62
57 32
73 76
66 41
1 54
14 42
16 58
30 0
96 83
63 110
125 102
19 40
49 37
91 181
32 24
15 64
60 139
19 161
144 81
90 88
19 182
83 97
93 119
59 28
63 129
103 164
96 186
60 85
39 173
89 171
83 104
105 127
23 176
64 24
111 44
130 66
31 8
108 108
115 109
66 130
15 15
31 138
42 75
90 53
20 35
43 169
108 83
113 78
86 100
127 84
91 136
108 55
21 157
86 98
61 31
18 57
61 18
82 139
114 59
69 142
90 61
19 185
38 8
50 176
119 162
42 112
106 145
40 180
131 73
63 163
120 77
139 165
114 123
97 48
106 81
145 72
123 137
115 182
116 119
138 126
127 151
129 123
79 181
119 137
116 178
74 102
57 144
89 119
13 5
71 107
53 145
81 137
9 169
33 71
47 14
84 103
74 185
67 7
25 38
60 114
47 25
87 181
97 186
90 100
110 66
138 66
36 56
28 62
120 160
36 35
16 54
54 35
96 95
108 150
123 62
54 102
113 56
37 77
31 52
43 39
63 169
52 181
46 23
33 13
81 58
69 78
42 33
122 163
122 173
132 105
63 17
108 163
106 80
41 10
127 80
43 59
112 135
125 56
145 150
57 13
120 59
126 68
11 69
28 33
66 34
127 125
73 64
72 140
100 66
127 146
42 29
149 128
36 11
138 61
107 105
71 160
56 26
38 61
67 80
19 31
42 30
63 160
12 3
128 181
119 186
66 133
14 50
33 1
90 86
75 170
52 80
111 115
59 145
122 104
111 186
144 66
24 16
144 110
146 135
117 67
93 98
105 147
138 49
88 177
83 175
96 173
139 69
82 183
78 178
122 91
37 24
40 78
49 51
30 67
72 144
18 20
42 161
111 88
139 174
116 133
60 109
88 146
57 27
142 55
72 110
125 114
48 119
40 65
38 167
45 21
20 55
46 2
21 52
93 181
140 87
126 79
32 14
119 81
53 55
94 183
21 11
19 70
65 18
149 67
41 37
84 110
41 36
74 146
117 177
131 185
89 68
129 86
73 186
44 87
127 174
40 177
109 136
94 87
105 60
32 60
38 170
111 134
110 99
146 163
130 120
107 120
40 132
96 125
81 138
105 175
89 94
44 15
90 122
106 150
61 85
129 92
105 177
52 138
42 144
14 32
27 34
24 135
120 105
106 97
25 22
36 33
74 178
123 84
16 32
12 164
112 65
70 105
73 138
120 170
110 68
57 134
58 138
68 127
64 19
81 97
11 151
56 0
25 69
46 159
115 180
14 69
74 183
118 112
122 161
139 178
136 161
93 102
60 26
69 92
144 99
74 54
32 136
100 159
115 129
14 8
147 111
43 119
111 65
125 98
44 11
44 71
65 99
66 171
84 85
28 22
35 70
60 107
140 69
53 142
145 167
60 14
73 91
84 122
75 64
58 3
72 53
7 87
82 89
109 79
109 46
27 150
122 72
12 170
139 147
148 161
60 13
36 65
132 83
35 157
30 59
45 37
57 34
67 40
15 54
11 57
41 42
76 76
49 38
61 80
36 63
110 152
71 93
22 38
47 68
70 168
107 146
45 0
131 94
126 138
125 70
35 143
125 129
85 119
34 66
96 121
94 169
129 134
126 81
86 148
112 111
59 77
118 100
63 31
46 15
143 92
47 151
16 51
101 67
11 159
41 22
141 166
114 176
12 44
74 78
24 27
78 52
143 67
143 138
25 53
79 172
25 149
37 76
105 53
118 103
47 72
146 72
112 176
127 180
115 153
42 151
119 115
113 129
122 179
106 175
83 109
65 89
77 186
113 170
60 44
146 93
17 182
124 153
64 38
92 60
84 66
11 163
14 10
114 178
147 125
120 138
140 117
67 166
53 158
115 173
132 112
50 66
45 4
104 174
14 147
98 71
26 28
145 123
65 30
3 52
63 2
128 166
55 150
20 52
147 101
100 170
49 24
58 51
55 11
73 87
64 5
60 108
71 112
4 50
107 165
103 125
105 170
77 61
140 146
57 177
108 79
119 166
60 34
109 127
105 173
104 60
122 52
143 85
109 170
132 93
140 73
45 63
125 123
113 52
49 36
140 55
145 106
46 173
38 34
85 136
118 105
38 146
65 32
68 92
119 179
122 136
103 97
12 148
110 85
117 115
48 133
31 135
30 68
91 182
138 168
73 178
146 128
84 82
61 14
62 159
63 161
121 166
44 99
29 58
145 63
69 102
61 21
144 119
74 83
140 103
111 146
138 111
21 3
50 69
80 184
16 25
146 101
49 181
45 183
16 148
59 26
105 134
110 111
19 184
145 70
34 11
136 126
115 93
70 124
61 144
16 52
64 11
44 178
38 10
88 102
91 169
148 72
18 31
98 44
126 135
56 131
60 101
117 122
125 170
29 149
44 176
22 56
114 107
51 68
121 92
118 57
138 169
56 136
89 88
113 97
69 128
23 19
103 96
20 6
43 28
65 17
80 53
85 86
54 131
68 80
84 109
128 53
145 104
104 91
120 109
90 148
83 99
147 143
33 10
123 160
139 62
75 94
17 180
67 168
46 135
69 99
57 79
115 102
132 58
30 56
20 26
34 76
117 148
59 177
118 115
123 166
109 98
69 161
90 141
110 174
20 69
138 178
16 40
51 137
61 81
107 123
84 180
17 51
49 16
33 58
55 178
85 67
76 93
12 160
118 69
108 80
88 182
105 137
14 16
37 11
130 99
116 53
41 147
110 172
125 112
57 20
108 159
40 38
114 65
84 89
85 128
143 134
48 174
11 9
59 166
49 53
26 54
22 175
30 1
141 136
35 168
140 128
102 120
41 64
83 96
6 87
113 114
4 62
71 159
123 122
68 3
112 69
127 134
67 10
48 137
123 86
107 168
127 129
21 68
18 180
30 58
116 88
105 151
124 69
94 52
62 51
82 170
38 23
143 90
127 72
116 164
47 175
78 157
65 51
124 137
128 79
147 145
63 173
109 162
108 167
142 130
129 90
47 88
46 62
107 112
14 173
148 153
103 107
113 59
88 97
48 59
24 50
68 43
84 83
76 60
29 140
121 121
86 81
16 55
125 69
123 120
147 127
33 66
130 110
32 12
97 104
99 48
70 136
86 179
93 149
114 106
141 93
43 164
102 95
146 83
59 31
47 143
101 54
62 83
31 136
33 22
63 166
67 1
139 72
80 82
75 161
115 58
93 144
124 170
61 32
103 98
116 181
43 44
50 14
130 171
83 107
51 43
111 152
29 18
140 67
23 1
26 141
50 57
101 145
147 100
60 77
65 138
107 175
86 168
14 55
78 172
92 119
32 39
106 93
121 120
32 144
89 61
39 77
131 175
44 1
75 100
107 115
61 141
77 179
106 124
86 174
101 161
44 45
62 111
4 68
89 148
18 19
5 57
33 44
87 124
41 176
68 107
63 4
113 115
108 152
111 129
117 79
64 89
111 82
68 27
39 135
12 156
135 169
51 135
54 103
80 121
67 29
63 106
53 17
64 16
83 180
61 41
59 180
70 171
74 77
107 46
15 65
9 166
81 86
39 37
137 167
53 131
65 88
50 159
58 131
35 165
135 161
139 56
45 28
62 17
25 58
17 41
111 181
106 110
66 10
89 178
115 160
88 147
58 21
37 17
102 151
111 60
114 186
55 103
147 72
122 82
86 143
126 97
27 26
43 42
140 49
141 113
64 3
99 178
66 134
27 44
144 115
144 161
56 178
65 2
67 41
126 106
44 150
94 92
71 157
117 54
128 153
122 165
126 61
93 125
104 68
111 110
19 7
24 33
108 91
39 0
101 176
140 113
73 108
106 134
106 100
97 59
146 138
48 90
33 63
35 13
83 146
57 10
71 108
85 137
141 130
72 115
121 127
73 183
139 103
60 82
66 105
27 32
70 76
88 111
84 99
62 41
88 82
11 164
15 59
35 62
63 6
74 182
24 148
61 143
21 29
35 5
124 73
55 141
72 66
54 176
68 8
94 48
113 169
73 110
117 133
67 125
55 177
35 1
104 146
59 21
127 162
61 38
112 125
106 138
102 101
68 124
56 35
138 179
45 24
114 111
60 99
29 152
80 86
18 3
23 180
47 28
64 55
93 84
66 141
35 170
37 168
15 62
69 146
136 125
56 175
49 182
66 14
71 149
27 148
63 44
67 157
147 112
131 177
34 69
139 116
70 86
138 67
149 70
20 70
50 146
90 89
53 15
118 68
72 126
32 65
110 46
121 94
125 99
23 174
32 145
64 82
38 158
17 65
61 101
50 135
64 8
20 30
138 177
33 34
64 33
45 87
63 101
61 142
61 106
66 132
57 7
81 172
29 23
92 86
48 116
137 144
38 75
87 89
137 169
105 102
50 140
37 58
97 121
23 182
143 56
91 57
5 74
71 147
96 53
114 181
56 179
61 42
64 135
13 15
120 144
74 176
121 79
11 61
46 182
122 175
48 175
93 60
93 170
24 52
144 74
30 152
145 65
48 64
106 104
6 90
103 177
107 132
61 132
126 95
80 89
90 60
83 172
71 140
56 105
115 147
93 184
116 104
29 38
138 164
125 111
49 22
11 171
62 11
66 13
64 124
114 150
141 45
108 93
116 68
83 86
97 92
106 159
102 179
97 46
93 138
122 93
52 18
149 72
116 173
106 113
95 128
41 17
100 47
73 165
18 45
127 177
18 70
25 70
35 22
143 88
61 88
54 41
130 97
49 138
149 126
26 5
12 15
141 140
97 180
63 177
143 66
61 138
98 53
42 27
28 23
102 121
117 139
130 79
58 25
83 147
30 55
143 101
24 175
89 125
60 17
76 164
93 171
105 79
28 13
140 176
39 4
48 32
22 182
36 2
103 59
12 67
38 151
22 9
58 173
61 157
114 135
41 161
28 25
93 108
22 42
69 144
31 157
105 78
41 24
114 159
30 27
74 132
59 5
8 165
97 122
29 52
115 112
43 64
6 71
115 181
131 182
38 38
62 147
69 125
61 90
63 109
90 180
114 89
128 115
71 109
137 125
112 99
24 57
38 150
140 172
95 54
108 114
89 126
81 111
44 57
60 134
128 184
28 53
49 2
47 137
28 5
123 93
43 34
26 25
85 148
94 46
59 43
24 174
74 59
50 150
145 147
128 60
18 24
35 6
111 145
31 63
107 162
4 53
105 65
122 109
50 157
140 80
102 103
73 140
31 3
66 1
146 105
75 177
75 84
115 152
104 150
51 76
28 19
23 8
55 40
73 53
88 180
33 14
146 68
86 60
122 124
114 112
108 60
13 172
87 60
18 23
144 164
91 52
83 141
34 37
76 91
51 16
21 51
3 63
118 97
31 150
52 53
3 55
127 91
105 172
56 52
144 45
110 168
116 161
15 40
124 77
48 6
85 84
68 38
124 71
148 150
146 142
60 163
62 99
27 5
22 44
40 24
41 71
106 146
128 111
82 181
106 177
82 98
147 81
40 9
113 86
67 22
47 19
76 81
71 88
103 170
98 183
30 139
119 122
56 135
48 23
64 27
40 11
111 104
16 43
142 152
140 53
89 123
74 136
69 148
67 142
96 60
100 71
44 7
58 146
107 108
83 42
121 173
53 4
37 37
142 114
43 72
21 43
50 35
91 178
89 60
92 168
112 100
92 97
103 126
83 111
106 129
5 78
127 176
83 126
84 86
106 165
117 178
47 45
52 170
21 177
82 105
11 161
103 102
60 53
109 132
22 10
37 9
145 149
46 137
113 122
21 39
58 82
29 55
62 145
69 149
71 168
111 122
108 112
7 90
74 162
50 59
28 57
26 4
72 113
31 67
64 105
65 128
57 77
89 136
92 182
122 159
106 151
100 70
84 136
143 65
67 94
142 137
146 125
130 103
55 18
64 94
103 57
40 142
122 55
48 69
42 162
52 38
15 160
53 39
35 34
117 102
29 41
45 157
88 179
85 87
40 167
95 47
121 128
41 44
118 121
92 83
114 184
84 185
116 183
45 163
130 95
51 84
37 135
57 25
13 22
67 25
101 66
98 43
58 167
75 111
143 86
37 161
55 35
24 58
64 125
112 121
62 44
110 179
55 26
44 147
22 158
76 158
34 4
58 90
141 144
100 61
15 12
116 184
56 103
27 67
20 185
52 58
69 162
15 42
142 110
142 117
70 165
58 12
23 57
31 51
89 99
16 69
87 170
50 58
120 60
17 8
37 7
127 61
13 33
70 81
15 150
112 119
90 90
130 125
145 127
85 110
146 86
91 180
53 173
30 13
118 101
117 88
66 26
129 151
71 169
63 19
125 72
12 162
32 34
35 4
112 93
114 86
128 57
10 149
28 15
114 57
118 178
119 110
101 142
36 64
35 21
123 88
72 146
19 4
66 21
49 168
101 171
114 132
93 66
104 166
142 165
69 134
56 140
39 100
60 90
117 113
55 1
124 164
33 40
137 127
123 66
53 3
44 23
60 0
61 113
39 168
92 104
58 78
123 128
83 119
114 125
58 172
60 6
53 61
41 146
85 91
141 60
87 57
97 119
92 169
110 135
42 58
64 138
67 34
86 82
15 57
69 159
54 40
63 145
13 6
145 161
39 178
117 69
112 61
104 176
51 36
64 25
71 105
83 90
82 81
113 54
37 166
55 13
66 122
118 148
107 149
60 23
67 18
37 63
121 174
124 98
118 127
17 26
88 186
96 44
60 28
105 114
61 39
46 100
61 51
136 167
29 39
58 45
96 108
42 3
112 108
37 99
55 39
49 82
106 168
68 123
111 142
75 79
109 129
77 57
81 180
84 182
139 47
35 161
97 168
48 166
102 71
62 80
53 136
148 168
142 105
37 160
63 100
61 29
97 60
94 128
48 167
108 172
135 176
124 163
56 31
91 120
68 163
101 60
64 157
87 186
91 170
39 70
39 144
131 111
48 171
90 55
96 45
50 166
143 143
85 178
55 19
110 95
55 44
147 144
70 82
50 99
70 51
16 180
89 127
128 175
86 54
146 123
125 73
63 111
76 170
108 111
60 168
55 104
38 12
141 63
26 6
125 101
103 47
45 85
138 64
49 54
147 94
65 34
82 123
85 170
121 70
129 55
127 102
47 150
87 173
61 78
103 144
102 54
109 44
29 141
60 132
18 29
128 84
92 178
49 157
19 28
80 174
19 11
142 146
90 123
28 61
30 63
99 56
38 163
102 106
67 103
36 21
104 106
39 137
64 148
53 150
47 145
65 140
48 45
109 93
44 143
68 99
30 146
32 138
17 15
50 29
49 11
87 105
110 133
132 97
84 173
109 150
115 127
124 61
11 18
73 185
49 86
46 167
48 10
129 73
70 129
129 93
141 145
67 102
40 30
123 130
63 172
143 145
127 184
132 55
30 45
57 45
111 78
21 5
41 77
115 134
78 174
85 147
45 7
93 107
52 13
92 84
65 28
41 8
40 158
48 29
113 68
109 171
23 158
112 171
65 42
31 37
53 52
111 84
147 60
120 73
96 87
28 69
54 2
106 136
63 175
10 157
4 77
53 24
146 144
50 172
101 165
98 178
75 184
48 84
32 1
129 79
44 118
107 102
116 151
71 81
63 21
44 162
92 125
85 182
85 107
96 185
25 54
52 11
17 10
23 60
123 81
68 140
129 67
123 169
96 144
146 161
121 167
41 78
124 103
73 88
33 165
13 12
87 143
104 124
68 142
69 147
86 97
28 20
34 39
23 63
27 3
97 181
51 67
42 119
115 45
130 87
93 120
115 151
94 147
67 143
44 24
69 87
96 67
85 65
38 161
121 86
84 140
22 51
90 168
35 7
32 63
138 161
43 41
118 165
122 106
64 165
148 68
15 45
55 25
122 86
59 82
62 79
91 83
108 126
98 48
43 40
83 170
117 162
113 173
123 57
59 165
67 158
144 133
127 163
137 174
138 175
116 77
16 26
47 42
110 162
80 127
114 79
72 130
93 58
141 146
45 147
11 156
28 68
15 67
21 20
124 81
125 71
83 125
92 145
113 178
20 19
110 165
53 67
116 170
131 90
125 169
25 45
54 168
115 150
70 83
28 115
88 110
32 22
3 56
28 43
116 60
5 65
45 30
128 137
92 95
22 32
60 25
145 164
67 93
19 44
61 20
32 137
59 23
16 149
34 67
24 41
140 178
87 126
58 159
43 20
140 140
115 44
29 159
56 55
64 45
86 109
120 181
115 124
100 177
112 107
147 83
111 107
13 35
85 127
23 55
126 54
102 92
95 93
82 52
5 50
78 63
74 161
73 149
91 87
27 2
72 108
122 54
144 134
33 29
112 102
28 52
118 116
14 13
56 101
43 100
89 137
114 152
118 61
68 76
21 150
138 145
46 133
20 12
120 97
89 134
25 136
28 55
119 113
43 65
139 102
131 115
111 125
50 76
12 40
92 170
73 132
90 174
25 138
19 22
33 37
75 158
114 136
0 49
103 171
12 27
101 70
93 67
88 120
26 51
139 126
51 65
114 69
94 45
94 120
112 142
27 0
15 70
118 113
105 125
65 83
117 151
37 157
144 91
104 167
85 175
113 87
32 32
74 107
98 57
129 61
129 91
104 55
24 51
125 176
86 92
93 92
90 144
56 161
44 120
112 126
67 169
102 113
105 69
116 70
27 24
126 93
144 61
116 92
55 101
75 182
14 172
47 64
102 97
56 38
48 158
142 103
100 60
116 52
144 70
43 151
62 30
38 32
118 71
67 108
67 35
123 103
140 116
148 145
97 125
66 11
57 132
137 177
76 178
36 142
50 2
31 53
124 150
37 25
125 59
81 126
111 178
88 101
108 170
19 34
63 76
62 133
40 41
59 3
72 83
141 119
107 110
138 143
11 166
125 133
48 26
19 178
37 137
41 150
62 122
63 165
12 25
72 85
34 63
65 91
86 66
122 164
54 12
11 160
122 61
59 32
51 45
121 134
83 105
35 76
137 143
18 157
31 60
106 178
116 137
88 172
64 146
53 12
44 177
124 60
92 174
94 60
86 90
121 125
6 77
147 66
32 164
60 39
95 171
35 166
87 91
113 72
100 53
45 70
14 56
85 138
65 134
65 36
36 160
84 168
6 73
104 122
110 58
109 178
52 59
15 16
11 1
143 54
89 139
129 127
43 35
106 123
143 44
102 46
88 181
75 65
82 147
101 152
13 27
55 132
58 175
112 109
138 99
3 49
45 26
42 41
51 20
54 34
12 22
122 135
7 79
46 174
129 97
22 34
40 166
42 13
60 30
110 151
129 162
62 7
80 101
23 67
112 172
31 33
89 169
107 92
12 4
116 93
22 21
60 83
77 60
91 110
69 103
148 152
35 19
84 100
118 176
130 112
82 94
93 62
79 162
114 171
53 19
107 167
131 110
66 144
73 68
32 59
49 45
139 160
52 60
87 82
93 109
138 69
76 94
114 68
124 72
124 177
120 146
61 145
18 184
9 151
45 13
120 62
128 102
24 29
26 59
47 85
49 44
136 178
52 107
17 38
41 20
19 25
136 171
117 181
82 173
139 73
103 168
21 64
27 27
143 46
55 12
54 45
90 124
24 61
75 80
54 147
106 180
56 99
56 102
15 39
121 71
50 151
127 121
62 52
39 56
29 163
56 173
24 151
60 42
7 55
21 45
64 21
102 125
130 181
45 34
37 136
49 101
60 20
54 1
60 146
47 142
64 134
94 96
56 164
18 22
31 6
142 83
118 79
87 106
131 179
55 166
112 145
117 145
99 172
112 169
26 18
49 165
146 61
62 38
101 173
136 128
90 104
22 20
109 120
47 39
131 87
82 122
15 18
102 61
75 114
145 137
74 98
125 60
101 57
24 68
48 82
61 135
95 88
13 163
114 97
51 134
103 152
56 17
139 125
15 44
111 162
76 165
20 32
6 60
73 52
74 55
142 164
81 175
122 77
64 7
129 80
57 12
145 140
125 186
5 73
52 102
56 130
97 96
83 123
16 19
38 26
26 65
37 162
107 81
68 7
33 16
117 176
127 96
37 3
113 134
68 133
75 179
27 43
143 81
83 98
70 111
93 55
110 177
32 15
51 38
45 99
83 44
117 91
112 98
57 84
77 166
116 115
117 153
7 173
117 103
118 162
39 14
143 72
141 104
117 159
50 32
95 94
34 31
35 163
44 157
82 135
128 128
74 94
122 146
50 83
80 108
146 159
148 146
125 65
147 92
136 147
126 184
128 104
76 160
23 157
46 25
119 108
78 53
87 122
109 104
36 68
86 69
15 157
115 186
35 9
141 143
138 65
119 133
141 80
66 5
103 172
24 31
16 5
40 173
132 111
52 41
101 96
88 128
126 52
120 161
93 122
96 99
83 66
42 17
48 33
27 18
92 186
27 33
57 161
128 114
51 53
32 8
81 139
124 88
33 141
127 182
61 163
49 83
145 144
87 125
87 56
107 133
127 136
102 99
26 31
58 181
12 0
54 166
5 63
87 94
104 164
121 145
82 145
142 47
26 15
65 52
44 172
113 128
92 44
120 124
38 41
64 35
45 149
23 10
68 9
68 158
129 133
54 30
38 44
4 59
59 17
121 56
63 170
126 153
70 131
13 65
129 102
90 52
77 59
28 7
123 144
36 100
102 174
69 105
79 182
104 61
118 135
18 10
103 120
63 149
68 14
42 70
114 114
31 152
146 117
75 51
22 65
62 40
106 92
116 55
89 105
66 12
22 184
111 59
127 171
96 102
86 172
141 82
96 107
11 39
13 21
21 25
94 90
53 180
144 86
41 34
124 91
118 130
101 159
32 27
27 151
47 171
103 101
30 15
46 32
122 69
62 140
120 56
44 31
148 60
101 56
80 178
109 134
83 143
131 85
61 164
21 181
19 8
90 175
14 163
27 15
33 38
27 64
67 81
147 105
91 124
67 136
106 128
64 141
90 120
22 6
105 144
52 104
117 60
47 37
51 60
61 8
114 130
58 16
58 37
80 102
18 21
61 2
55 41
60 21
55 180
46 16
17 23
64 78
119 176
64 102
41 143
62 9
116 136
67 19
120 135
52 84
108 47
61 55
130 186
58 169
43 147
114 185
46 75
28 35
45 36
95 107
24 39
48 36
16 178
138 105
147 110
89 128
120 106
95 126
139 44
56 30
116 107
31 68
129 98
81 83
145 85
104 56
139 171
132 115
30 32
62 31
48 70
51 170
140 137
124 102
93 185
93 96
13 20
53 148
88 136
49 145
48 101
118 108
126 66
49 84
86 70
20 42
73 143
70 115
92 138
121 135
55 52
32 10
12 32
71 92
108 123
78 175
65 108
30 39
21 9
105 128
25 61
34 33
25 16
20 21
73 179
104 107
140 135
91 82
59 174
28 151
145 99
12 151
119 159
121 168
119 85
46 147
98 69
42 179
71 150
33 27
107 98
54 133
27 56
22 31
88 138
111 112
147 103
57 38
45 27
51 26
96 175
34 6
92 111
143 120
37 133
69 82
95 95
13 58
64 4
36 137
69 70
112 106
96 124
27 114
46 12
64 9
4 66
121 53
115 80
68 91
145 46
84 125
48 145
80 109
132 65
57 36
26 38
148 162
24 158
11 21
64 30
68 98
66 145
72 80
72 148
31 42
81 88
74 175
23 3
30 21
104 58
73 157
52 67
113 99
144 80
123 87
116 159
104 92
138 162
47 60
81 134
89 144
95 134
42 2
82 83
88 95
17 12
112 112
128 146
86 141
35 8
42 42
108 145
127 179
52 30
87 84
67 15
131 58
23 64
44 163
71 135
48 77
90 56
35 75
61 147
88 121
72 67
122 145
24 53
39 61
62 106
27 16
40 57
89 186
114 52
100 179
68 161
119 78
32 36
37 164
76 83
26 30
126 107
121 161
48 164
76 175
60 35
90 106
5 61
30 135
125 145
83 136
38 166
59 89
21 24
48 177
13 147
110 81
116 130
28 18
109 148
6 54
63 82
81 148
69 172
29 44
28 44
48 181
45 65
14 1
61 180
35 26
54 132
17 151
38 28
93 52
130 54
81 135
101 47
34 57
110 61
39 57
14 30
106 161
67 162
15 26
126 145
38 131
90 91
127 79
85 44
122 148
75 169
119 88
130 80
87 175
57 101
28 9
32 152
68 145
71 133
140 110
96 105
34 38
22 43
61 87
45 86
17 0
60 106
21 178
114 93
29 162
109 78
132 104
85 108
32 159
46 149
130 113
90 136
17 42
40 29
48 11
111 169
140 105
138 101
14 24
48 17
56 6
86 140
139 53
110 45
128 87
59 54
126 56
61 3
36 8
19 55
132 110
43 25
48 19
33 61
35 12
40 63
146 63
37 0
38 139
126 129
140 99
136 166
147 99
64 13
126 59
9 157
29 150
33 136
53 25
90 176
16 59
40 98
37 159
102 112
108 102
125 181
30 138
85 90
103 91
29 29
115 62
42 74
39 58
53 45
44 142
114 105
135 159
45 22
45 8
61 114
13 1
122 71
116 163
144 152
13 70
98 174
104 45
48 132
46 17
20 41
33 159
17 53
47 138
63 132
67 76
141 138
25 55
51 4
141 89
17 20
95 100
148 147
42 35
118 53
89 58
90 172
98 169
136 165
143 64
141 49
73 145
114 169
77 58
95 179
47 70
88 125
145 62
37 66
41 149
39 21
123 152
55 171
109 177
22 58
139 111
20 157
69 115
82 185
87 66
12 23
57 35
43 160
82 88
67 17
87 119
41 13
121 147
101 174
66 82
95 105
37 101
26 13
16 29
40 169
36 98
144 148
123 165
65 106
87 104
107 80
70 126
111 127
41 74
39 34
20 180
43 61
53 171
36 156
114 116
61 24
62 158
70 102
70 149
11 10
29 138
69 109
36 15
82 141
64 151
93 123
20 14
40 7
130 129
62 157
65 107
46 24
66 52
115 56
33 2
67 3
88 119
25 32
41 110
113 95
29 16
120 177
115 176
54 141
58 163
31 22
115 172
33 146
40 56
84 127
68 13
128 98
11 37
120 58
115 179
122 127
118 177
56 151
71 114
66 104
42 10
35 164
57 42
13 51
132 84
31 159
121 73
75 62
56 45
13 38
46 143
36 158
89 168
100 52
25 15
12 7
74 157
102 170
112 123
83 43
31 36
75 113
95 186
86 123
33 147
51 64
52 78
51 31
36 17
128 69
39 9
124 146
120 95
93 104
64 76
65 81
85 142
87 108
30 160
69 108
130 83
143 152
14 37
118 185
31 141
67 104
141 56
38 15
107 104
124 65
122 66
58 86
131 82
44 38
49 39
109 86
30 23
35 63
74 115
115 79
38 4
19 183
67 151
98 59
113 120
81 101
61 25
56 160
108 99
107 124
65 144
20 44
102 100
66 140
26 40
127 170
109 165
123 179
88 83
72 102
69 171
47 5
104 66
110 84
111 53
107 161
26 34
21 19
86 185
46 9
41 1
147 150
141 69
27 28
128 178
130 152
123 83
41 68
130 59
145 84
63 125
118 95
116 54
148 129
53 20
34 140
14 151
65 122
105 59
22 149
143 105
18 148
86 144
43 182
91 106
108 109
13 160
94 141
32 30
72 51
122 123
141 68
26 63
59 140
41 11
59 178
18 34
116 100
68 34
47 158
62 76
58 87
48 67
36 25
74 109
26 22
86 111
125 110
148 130
18 59
107 150
116 59
57 26
116 139
24 59
46 65
93 46
41 16
13 8
62 20
4 52
106 133
31 43
64 18
141 133
82 121
129 70
50 67
109 176
43 120
50 12
7 57
33 17
143 164
118 106
69 131
105 168
119 101
25 40
27 66
129 152
121 169
127 52
114 138
77 183
37 45
46 33
62 12
97 85
59 53
23 17
69 145
121 78
6 50
147 160
122 70
50 3
106 172
64 15
117 78
60 22
61 15
89 145
65 161
82 180
53 5
14 7
31 54
59 146
53 159
20 61
54 145
48 165
80 88
73 177
13 26
50 175
40 26
38 99
22 68
51 80
28 34
62 93
21 149
65 145
53 23
146 73
97 62
47 161
37 60
62 18
43 22
14 20
17 31
68 32
95 149
128 124
66 112
115 46
10 159
130 104
120 87
50 62
60 137
141 46
124 144
109 166
31 24
53 1
43 176
93 148
87 46
142 90
105 48
140 84
146 64
47 181
42 174
76 90
108 44
55 142
126 186
105 67
76 176
67 111
103 159
23 23
32 71
74 61
88 142
60 51
121 103
117 81
118 179
19 14
35 146
89 111
79 53
120 125
59 44
61 108
14 159
142 144
51 10
94 106
95 99
51 166
112 181
62 1
89 135
43 62
44 82
122 151
25 62
108 92
38 0
50 26
85 81
81 168
18 156
37 31
117 100
43 170
56 169
116 61
13 57
85 92
103 94
87 176
66 146
74 92
103 60
139 142
137 171
54 137
107 170
130 98
45 78
108 56
96 100
64 139
116 121
59 80
142 171
39 27
93 106
25 6
124 172
39 44
98 55
26 66
22 36
88 148
13 170
93 126
126 116
37 23
54 0
107 94
52 180
95 56
14 58
113 172
49 31
148 165
104 105
65 40
44 19
96 111
114 137
140 125
5 77
102 126
13 9
20 64
73 113
31 14
53 160
30 163
131 86
109 128
52 27
94 124
14 4
26 42
132 92
66 139
55 22
84 102
141 142
76 84
130 108
127 73
37 64
88 143
128 72
67 8
34 18
62 0
98 45
83 83
88 176
18 53
114 177
116 96
122 53
46 39
16 36
45 11
109 106
17 35
82 186
54 107
9 150
47 16
124 135
62 92
56 22
28 54
119 178
22 174
62 34
26 114
83 88
72 160
68 159
120 115
43 24
28 114
57 103
107 129
123 138
48 149
59 51
147 80
67 33
52 54
60 89
42 158
115 183
118 78
53 37
115 122
56 162
23 24
51 171
54 169
23 38
79 164
113 48
62 27
114 145
64 129
55 28
135 160
94 121
52 23
84 128
59 88
18 177
31 19
62 2
63 7
109 172
110 98
19 30
146 90
52 52
120 111
80 55
70 134
103 70
113 181
92 54
82 101
120 114
126 86
141 135
29 32
131 174
45 66
104 180
15 58
125 109
45 165
140 92
22 40
63 28
52 65
141 72
11 27
80 100
57 159
26 16
107 45
73 51
41 32
63 147
49 100
36 74
124 101
77 172
70 133
47 163
18 37
94 69
55 36
124 171
49 148
142 64
120 122
91 55
44 33
96 54
83 179
112 87
107 99
107 164
74 100
76 85
136 172
49 52
52 36
49 178
48 100
90 138
43 4
96 104
46 8
102 171
138 74
114 91
31 137
112 183
18 61
122 83
68 112
101 180
74 158
45 174
119 99
64 1
19 179
73 92
17 7
52 22
130 126
74 147
114 139
64 37
67 163
10 169
47 179
70 101
46 41
139 145
117 149
76 87
106 170
35 2
110 93
37 170
68 35
40 21
68 126
145 119
145 153
116 171
91 138
20 54
111 100
0 53
114 101
17 67
142 177
18 64
65 123
125 100
78 180
38 66
68 141
106 91
104 94
46 161
104 120
57 173
99 174
66 142
58 137
93 56
119 92
82 144
75 81
55 51
49 88
107 86
15 33
33 32
71 113
127 115
47 144
20 1
20 0
104 46
28 16
59 172
60 79
105 61
141 171
100 58
32 2
47 120
83 137
74 85
144 140
22 61
52 171
37 18
120 173
57 21
52 83
65 102
97 179
97 106
64 108
13 40
14 17
57 54
45 10
104 109
51 11
92 82
111 68
36 141
88 70
141 103
12 37
84 67
110 146
119 171
72 111
49 78
15 3
70 114
117 71
51 29
22 25
46 70
68 83
119 128
113 151
17 69
42 6
54 106
25 30
6 56
137 170
130 144
42 165
114 179
94 149
17 147
131 103
80 122
101 150
144 72
125 126
114 162
88 68
59 4
140 94
53 44
55 38
43 78
140 173
53 32
75 99
69 89
58 178
53 135
124 70
45 42
54 134
88 89
141 120
12 173
123 112
47 15
137 180
42 20
86 178
124 109
44 44
114 129
116 113
116 172
34 29
17 32
56 5
129 181
114 147
132 54
108 161
36 133
143 112
115 71
126 171
67 132
39 159
44 166
46 136
54 3
35 44
59 8
26 140
52 175
30 19
76 177
85 83
36 101
42 7
131 53
108 165
86 87
55 134
132 99
36 165
20 50
50 68
34 21
129 69
10 147
29 61
55 20
70 125
92 85
43 101
125 182
70 108
124 114
92 46
48 161
109 81
21 6
42 142
121 170
110 115
52 139
95 122
92 146
61 5
99 45
87 107
114 134
141 88
61 86
68 21
60 151
121 160
16 12
80 107
78 183
30 157
131 68
82 87
23 43
5 69
43 21
91 53
43 158
20 150
97 173
11 146
40 18
109 60
98 46
143 47
30 7
109 71
68 110
18 28
102 108
143 49
100 175
101 166
30 158
143 144
40 59
48 173
74 110
103 175
118 88
42 31
128 122
73 137
19 17
57 133
60 80
25 44
122 68
37 75
93 88
99 173
65 104
41 148
90 184
145 44
148 73
121 146
43 144
95 135
42 111
60 10
44 16
110 149
47 26
32 17
106 179
109 97
31 45
118 94
127 178
36 58
11 25
127 114
40 60
71 103
107 134
28 150
117 171
26 67
120 101
139 105
121 130
68 135
95 103
93 48
71 106
142 87
89 141
128 167
110 163
88 94
93 169
59 160
57 24
64 85
86 107
55 144
20 29
87 61
126 123
136 129
45 110
71 137
65 126
55 162
76 92
74 99
115 132
34 36
53 22
91 175
67 31
90 139
65 139
104 104
58 165
67 28
55 169
112 122
60 104
83 58
144 163
145 142
21 66
42 69
139 46
45 158
122 170
96 90
43 36
94 91
57 9
30 61
11 68
109 80
73 133
65 4
68 15
108 144
30 31
84 95
121 54
49 40
139 146
104 165
5 88
39 142
23 6
32 6
130 62
65 54
33 144
124 147
46 148
98 179
64 10
47 22
43 172
112 115
84 69
148 74
17 150
53 137
84 169
26 58
109 147
54 37
126 169
35 36
75 115
118 126
41 162
83 145
76 67
9 162
141 106
58 24
124 87
106 169
38 70
72 151
136 48
105 111
24 43
89 121
56 16
141 84
144 100
37 15
83 110
111 172
31 5
110 160
74 101
18 41
44 62
59 170
23 15
129 104
128 125
74 108
51 18
60 140
31 20
39 30
130 93
49 164
67 141
112 127
94 47
66 6
38 142
54 19
52 81
92 105
50 20
126 121
122 113
117 172
30 44
107 111
46 66
25 148
21 159
111 55
52 137
15 20
81 142
6 70
54 164
26 37
28 40
61 33
46 59
103 179
113 123
57 174
107 152
146 113
142 120
146 103
45 161
124 79
87 85
20 40
14 33
94 125
83 82
18 2
38 149
87 180
94 81
92 57
66 89
116 146
50 145
113 186
59 12
38 2
67 32
140 143
31 58
91 145
47 176
103 165
118 81
130 56
94 182
97 172
63 51
116 81
117 80
59 7
62 16
111 85
105 94
85 126
113 180
86 56
113 148
61 148
34 8
111 147
68 113
131 126
122 94
114 77
148 71
32 56
147 93
104 47
17 58
42 57
141 116
111 57
120 116
94 135
95 111
82 97
66 98
145 83
48 40
72 87
54 140
19 1
142 142
57 158
140 129
144 103
124 166
144 64
93 137
142 69
8 172
61 103
126 148
112 52
61 100
47 59
34 3
94 54
46 140
90 170
45 164
30 33
41 58
52 133
114 60
117 111
102 159
125 184
129 169
92 96
144 71
58 160
52 10
49 68
97 68
58 40
41 167
142 180
115 148
147 61
98 60
105 136
60 43
123 98
24 36
9 158
31 32
124 62
18 18
145 111
64 160
36 32
57 19
16 184
112 149
8 173
131 181
65 101
21 174
81 57
72 127
119 59
33 57
92 58
142 148
124 85
143 126
111 94
126 115
102 109
141 123
120 110
139 162
115 110
115 59
109 85
61 137
44 145
93 97
52 20
66 113
110 62
148 144
48 34
106 115
125 166
87 65
68 125
139 104
107 101
129 82
128 126
140 168
38 21
35 60
53 28
63 92
146 140
38 136
62 130
98 177
74 159
101 179
27 57
65 103
53 68
88 84
40 37
43 166
139 63
130 164
98 180
93 85
128 88
136 160
127 83
32 13
122 79
22 7
29 157
147 68
31 26
45 62
69 113
107 174
63 9
124 99
72 150
106 85
47 29
24 63
83 139
88 52
34 32
125 54
32 38
56 143
33 25
126 82
45 40
114 66
86 99
68 111
99 69
68 151
32 57
24 69
118 151
53 30
106 144
129 62
86 128
142 88
37 98
94 84
124 174
33 162
117 126
128 96
81 99
105 46
63 26
34 168
116 150
105 113
74 134
113 135
22 50
40 10
141 180
143 62
93 95
46 86
82 86
38 25
30 18
131 52
97 105
72 94
75 185
124 179
73 79
112 114
27 59
115 138
142 91
50 144
113 132
62 90
110 104
101 95
108 180
81 53
48 62
111 86
62 82
114 119
97 107
55 17
20 162
26 1
42 118
73 55
28 136
137 161
94 97
18 5
126 149
141 55
36 13
58 8
38 1
130 85
63 148
130 81
111 90
39 177
107 82
88 66
116 185
18 56
83 81
66 114
37 35
112 177
109 84
67 27
105 105
27 21
119 103
15 60
81 127
47 134
10 146
93 59
60 40
92 101
119 174
113 126
44 80
119 109
132 95
11 31
75 77
30 144
65 27
100 69
83 138
84 138
47 76
119 98
66 126
64 93
102 144
131 66
60 148
90 57
130 106
127 82
87 96
32 21
96 101
114 163
52 15
57 165
95 92
14 21
80 103
12 28
70 140
91 172
101 93
77 54
126 120
130 148
106 95
81 178
16 61
125 152
120 96
33 30
36 69
127 94
93 135
120 85
130 175
117 163
119 163
119 90
104 114
48 135
128 149
145 82
65 90
63 80
77 161
123 72
11 66
30 149
38 137
81 171
143 150
149 64
58 134
144 83
58 130
78 169
81 174
34 169
145 71
89 146
58 85
115 92
144 147
83 181
67 115
95 120
63 41
59 148
34 157
122 125
67 127
39 64
20 4
68 28
97 127
131 124
87 136
60 170
61 1
50 71
105 62
46 180
71 122
141 162
102 44
126 114
92 87
75 105
35 162
132 107
137 48
84 108
81 145
18 6
66 110
58 42
28 38
115 108
110 92
19 12
82 146
52 29
59 36
52 82
58 54
65 14
60 81
109 53
57 43
110 52
35 16
33 18
31 65
81 104
48 91
52 44
133 60
73 107
85 172
63 158
29 54
143 70
79 57
104 170
28 41
30 145
112 72
111 151
94 126
59 20
79 58
114 83
117 55
40 70
52 74
48 15
17 18
21 56
86 91
128 97
122 108
115 161
44 89
32 70
142 115
12 11
36 161
58 132
30 30
36 5
31 161
19 180
68 128
79 176
38 145
45 57
44 159
20 18
114 72
42 114
102 96
130 72
146 145
53 36
112 130
17 39
58 158
29 28
63 43
21 17
63 25
142 62
111 113
44 17
122 99
71 165
71 76
57 175
64 23
119 62
102 165
49 69
18 147
117 70
55 146
121 65
51 61
54 163
105 98
32 42
38 162
69 79
38 133
130 67
83 135
77 164
72 69
50 84
118 93
36 9
51 3
62 28
39 60
28 30
39 59
110 48
56 15
41 39
146 46
138 144
93 186
88 62
104 44
61 30
136 163
44 116
87 88
80 81
29 34
94 108
27 30
86 85
92 121
107 171
85 46
114 44
121 72
62 168
64 103
48 150
145 69
48 41
116 101
126 152
39 31
21 185
64 133
95 87
14 160
127 60
81 93
110 171
144 150
120 169
59 83
38 5
146 106
74 163
74 69
117 85
128 54
21 161
11 2
53 9
65 133
106 153
124 113
96 97
113 109
117 84
18 0
13 11
12 171
95 180
58 179
39 23
50 160
139 49
70 88
149 130
49 158
115 170
116 116
142 84
107 147
108 62
103 45
42 1
94 173
104 143
113 84
28 26
50 11
89 120
63 87
129 122
108 147
110 164
95 70
140 54
62 123
97 43
60 7
89 90
62 160
19 37
34 26
128 120
70 147
47 116
62 32
13 53
30 140
144 123
103 52
41 0
78 55
127 175
97 88
136 146
44 182
108 94
24 20
66 150
58 41
131 113
64 123
82 99
135 163
65 23
138 117
58 11
126 175
106 46
91 144
17 43
65 22
40 28
103 123
26 135
101 97
108 171
105 138
55 168
109 48
14 2
111 103
127 71
126 89
61 139
68 162
94 140
3 53
105 91
65 112
80 91
24 5
130 136
147 153
32 67
112 129
47 74
58 6
8 167
32 61
64 112
16 53
148 64
52 34
105 101
105 152
91 90
103 114
20 9
141 101
29 1
63 86
63 15
112 91
89 91
55 27
119 135
63 12
116 69
19 19
124 167
62 14
55 55
104 110
9 156
26 50
87 83
36 6
71 52
106 47
65 135
39 24
108 125
127 95
83 101
28 66
111 81
91 99
65 45
117 146
78 185
48 169
69 114
78 165
73 174
52 70
20 156
147 87
45 25
37 38
32 45
74 111
130 60
108 179
53 57
117 184
148 142
53 134
100 160
90 59
129 180
90 92
71 123
69 138
44 27
124 149
55 6
117 96
106 109
111 79
121 123
108 103
75 61
112 53
47 89
26 27
72 70
141 168
86 43
42 163
38 37
72 78
29 43
142 121
42 178
139 55
65 12
121 83
94 61
38 27
25 35
43 8
97 47
43 3
148 70
142 179
110 108
79 62
118 129
41 75
13 2
117 150
115 101
51 2
68 12
140 62
5 53
21 55
58 148
46 4
86 177
48 78
37 139
30 3
21 30
82 182
127 54
86 89
104 101
45 64
106 82
106 45
126 73
113 152
34 19
40 151
139 100
129 99
70 160
120 134
71 68
31 9
76 185
124 84
96 109
118 172
132 67
76 80
11 41
74 160
25 7
107 47
61 16
41 163
146 127
77 180
100 55
140 48
138 165
117 52
119 165
125 105
50 82
80 90
84 141
37 33
120 129
7 73
115 113
121 129
64 142
63 131
14 157
46 120
115 111
147 114
83 173
128 129
51 5
117 68
105 166
87 171
34 68
68 132
90 96
69 122
115 107
16 157
139 181
55 100
145 120
79 183
115 68
56 133
132 59
7 76
88 61
52 45
30 43
48 7
67 77
59 171
45 1
105 120
79 185
115 126
36 1
110 56
102 104
14 6
18 40
103 115
30 24
147 88
146 166
112 184
138 60
118 66
63 77
88 85
88 57
110 65
44 113
138 148
83 103
64 26
45 17
108 96
130 90
130 116
44 81
58 35
9 147
16 160
45 182
25 21
44 164
48 16
63 113
15 158
80 181
51 132
29 20
110 101
115 85
65 19
111 120
66 30
87 58
64 80
103 46
37 41
119 58
56 180
11 35
87 168
141 87
45 76
99 168
36 140
12 158
108 138
91 140
132 94
54 143
93 45
85 124
110 113
8 169
123 55
36 170
140 46
68 148
17 30
120 98
60 5
108 105
84 121
138 130
116 123
68 40
127 104
46 181
80 98
126 70
50 139
118 87
140 126
51 51
11 70
69 158
29 56
107 177
46 7
123 95
63 162
72 55
53 133
141 54
120 78
60 131
121 102
142 145
108 135
34 146
71 142
36 70
125 61
73 77
54 165
64 144
140 56
40 25
140 64
79 157
53 146
57 146
89 109
55 173
4 51
103 178
147 129
116 110
71 102
120 113
123 107
57 170
114 81
112 144
121 122
18 8
114 48
25 3
104 125
103 153
24 149
27 137
116 145
14 11
21 183
6 67
64 126
99 180
114 126
67 90
11 3
127 164
144 63
67 42
87 145
149 124
120 178
82 102
119 89
43 168
11 148
33 11
93 71
69 139
89 53
29 146
50 181
83 183
120 82
41 63
130 183
52 85
87 127
6 68
62 4
127 113
112 71
77 160
16 151
51 173
82 109
128 68
13 17
112 55
88 104
86 61
46 139
146 94
24 23
74 70
58 149
85 183
62 143
119 127
133 57
124 82
106 163
34 14
142 80
67 26
80 183
19 51
123 89
54 181
112 70
28 36
106 102
71 89
123 134
68 20
97 184
45 79
37 20
109 105
140 83
86 119
11 58
35 58
57 150
68 19
66 88
80 93
11 60
35 98
121 74
128 103
88 109
26 2
61 172
128 173
60 8
32 26
56 165
102 123
11 14
37 39
115 57
83 56
81 90
128 121
58 135
52 6
96 119
130 105
86 134
126 163
80 58
118 104
116 73
120 72
102 169
125 172
89 87
130 180
95 176
49 15
35 158
15 51
111 83
39 28
39 69
18 185
5 51
32 20
111 58
126 182
80 177
83 182
69 163
84 126
50 137
81 98
105 70
58 84
0 50
115 81
41 177
15 61
119 61
117 132
129 58
11 44
95 66
67 92
97 84
81 110
127 110
53 8
34 159
112 67
14 171
146 149
50 182
43 38
89 84
85 88
16 156
23 65
57 100
128 112
12 38
26 12
52 177
130 115
109 56
27 149
73 99
52 172
143 63
148 62
107 173
24 70
90 137
89 67
121 108
15 0
85 134
49 161
20 36
146 168
34 74
144 121
37 138
91 85
25 37
108 57
115 116
85 85
23 26
108 176
12 57
67 113
43 143
58 30
146 115
38 31
21 36
116 114
83 87
136 176
63 108
42 67
40 178
96 91
111 108
130 179
123 170
97 178
141 176
91 91
117 138
56 39
121 179
68 149
95 58
49 10
56 41
66 23
105 56
81 176
80 123
47 71
139 99
88 175
53 138
115 184
104 70
46 36
22 23
115 61
97 128
50 23
99 57
57 99
103 160
15 162
64 114
60 4
55 14
128 164
73 106
93 99
16 181
65 169
57 5
41 183
47 77
88 90
23 183
35 68
44 66
107 103
110 144
58 52
32 142
37 21
121 84
111 149
39 68
130 133
119 104
17 11
32 139
136 142
83 45
95 141
65 157
129 85
53 161
127 92
128 81
128 145
143 125
108 151
13 52
25 23
143 168
36 66
132 116
39 172
109 114
131 80
13 162
93 87
132 98
107 160
92 53
25 2
19 35
125 103
44 26
77 62
83 176
59 149
49 58
40 15
37 171
95 110
123 148
54 43
51 101
25 10
80 95
94 98
75 76
85 105
63 22
102 52
76 89
57 52
60 175
127 127
6 51
66 159
40 174
63 180
77 165
20 65
119 91
72 164
114 80
42 5
20 181
108 46
61 105
11 32
34 71
39 157
109 82
131 96
87 169
133 59
52 103
105 115
39 2
45 14
73 160
92 98
95 62
122 152
20 33
138 103
26 7
94 168
107 48
38 22
59 142
148 143
74 82
57 167
51 34
149 63
81 170
67 12
15 43
48 37
25 36
109 69
92 180
62 53
18 16
54 158
119 57
67 147
75 104
107 176
17 40
40 101
80 106
115 163
12 42
38 29
26 68
128 150
105 121
125 128
90 84
140 102
59 52
67 87
18 36
140 71
53 62
62 26
67 126
125 120
145 148
80 120
82 119
69 98
102 58
9 167
117 109
105 153
17 2
124 67
19 157
71 124
35 32
36 163
50 60
112 133
84 176
26 139
64 109
115 55
122 138
54 4
31 142
48 86
74 53
88 103
87 182
18 43
126 74
103 145
21 58
34 59
13 30
118 86
64 149
95 145
145 68
30 159
51 6
110 83
99 54
29 14
44 78
105 57
68 101
142 45
27 69
49 166
74 80
93 134
146 85
55 147
67 89
113 65
106 137
88 139
90 109
47 148
106 171
12 5
99 68
57 131
41 70
32 18
47 62
102 69
58 26
115 125
83 70
112 105
26 64
60 157
140 68
50 22
116 152
49 177
131 125
120 159
120 80
132 96
146 88
80 87
140 89
65 87
67 150
61 6
143 100
58 77
129 71
19 33
118 59
81 52
46 40
79 186
63 83
108 162
113 142
146 60
4 79
42 181
131 74
84 124
139 45
81 107
50 100
46 19
105 143
67 11
142 160
118 175
44 37
37 27
63 167
49 91
47 160
41 69
52 91
92 93
103 106
79 170
64 163
118 62
55 2
86 137
96 52
138 167
97 81
27 36
39 165
122 116
112 136
39 148
39 3
97 126
44 63
113 147
72 159
42 150
52 69
69 110
24 0
29 151
130 100
109 175
104 103
121 163
107 44
123 125
129 137
9 164
49 85
132 102
111 97
25 67
113 145
99 46
122 114
135 49
87 102
101 65
67 144
11 17
43 74
87 69
135 170
73 180
30 70
60 177
18 39
143 117
79 159
63 130
117 161
115 66
55 3
102 153
46 172
15 56
57 44
87 146
96 146
147 162
55 133
65 165
42 157
57 136
13 171
147 70
93 145
21 148
137 165
57 130
44 40
96 46
1 50
147 74
42 164
3 58
114 120
124 59
86 145
110 47
47 23
62 173
30 35
76 86
84 184
39 166
63 30
136 127
93 173
16 63
87 42
92 110
44 12
29 63
147 104
142 100
141 67
75 55
110 138
77 159
91 171
81 146
32 31
66 91
114 46
44 90
44 173
143 103
10 148
40 99
20 149
37 1
126 167
112 186
113 89
34 160
44 21
85 68
68 88
13 45
61 112
34 139
53 147
90 103
132 86
111 185
88 88
142 166
141 47
60 103
27 29
92 45
126 162
15 32
4 60
109 167
41 156
41 41
50 19
100 45
12 14
74 79
35 11
19 60
113 60
61 169
64 2
109 137
139 127
120 55
85 171
69 143
18 159
117 137
61 83
146 147
14 68
66 137
53 163
62 124
102 178
85 70
20 183
147 113
49 146
128 52
144 165
94 144
141 114
116 176
14 150
34 25
66 108
43 11
67 100
119 111
15 147
52 1
55 32
50 74
71 130
120 171
81 179
19 65
74 144
103 176
131 60
109 174
26 32
37 165
118 180
32 5
85 42
48 142
46 88
57 29
111 119
105 123
48 61
17 22
27 139
89 54
109 142
63 89
91 96
62 105
142 106
58 2
60 86
29 69
103 122
43 63
66 168
129 149
133 52
85 102
41 62
67 109
56 9
80 126
50 16
147 128
74 180
63 135
12 8
18 14
130 91
76 59
84 143
84 120
124 93
53 141
128 174
128 59
48 14
108 160
48 144
96 147
124 178
129 173
118 102
57 33
90 87
144 117
48 9
23 16
74 104
143 140
0 54
111 128
112 138
12 9
45 81
23 179
45 151
148 151
77 157
51 24
45 144
46 118
115 82
76 65
52 32
6 58
11 53
23 12
94 57
30 60
27 115
50 65
68 39
22 11
52 17
56 137
35 37
45 15
62 126
145 122
140 177
55 10
17 29
55 8
53 71
51 168
46 171
104 127
54 160
109 55
34 41
59 134
96 93
113 55
8 156
102 66
36 23
65 0
64 77
145 117
111 183
13 0
73 184
119 177
82 58
50 143
131 95
105 126
110 80
144 124
88 137
105 109
96 96
54 24
127 181
56 148
102 70
47 36
118 139
121 178
53 41
49 77
7 62
145 162
72 142
42 39
81 96
63 85
54 10
109 151
71 111
120 136
33 163
146 116
29 26
38 57
77 184
100 54
21 13
111 182
39 176
95 85
45 77
46 78
48 139
143 160
113 113
122 59
97 83
72 125
16 66
73 94
27 9
48 147
85 99
95 127
119 185
118 70
15 63
124 176
93 182
83 169
108 136
127 152
106 148
146 62
145 91
105 165
42 9
76 174
114 172
106 162
99 169
71 132
98 67
33 68
48 136
104 54
58 161
81 109
94 148
126 98
23 50
91 168
31 28
102 55
62 45
64 31
38 68
123 105
94 66
74 103
129 177
118 133
25 50
66 44
80 57
141 66
68 146
23 150
55 159
133 54
140 106
68 147
92 128
79 184
118 99
85 95
38 16
28 56
59 35
50 133
63 112
123 136
93 168
145 80
113 67
113 104
129 111
145 165
61 28
20 3
8 171
118 161
102 111
119 83
59 173
128 58
16 60
119 114
56 44
46 117
119 121
25 29
45 90
120 163
33 3
52 88
112 116
91 137
84 177
131 120
58 79
119 126
48 146
32 156
50 52
64 91
53 69
53 34
67 14
106 166
89 108
95 83
92 183
70 127
121 85
51 14
46 20
122 174
116 147
83 121
11 150
49 35
74 76
64 140
52 33
73 109
40 176
146 137
65 170
92 172
123 126
84 107
48 18
71 80
114 183
107 93
83 120
12 146
32 151
96 183
34 64
127 88
48 31
25 11
29 37
130 174
55 105
41 38
122 129
58 38
64 52
117 62
144 87
90 178
34 62
14 29
35 29
60 32
131 180
86 169
102 173
52 132
25 18
140 163
141 174
82 95
48 25
145 168
43 99
98 171
136 180
93 91
126 176
85 121
92 48
62 172
25 5
51 78
77 163
50 148
46 43
101 100
68 24
86 42
116 127
144 67
146 164
67 146
70 141
43 148
84 101
56 168
113 93
116 85
85 100
123 153
111 165
65 93
67 43
114 67
65 158
73 161
43 76
105 52
96 89
112 92
24 12
65 168
43 113
28 32
21 63
102 175
68 81
40 4
65 10
74 165
122 153
124 96
59 78
117 105
122 102
86 65
17 19
120 130
6 88
63 33
122 178
107 142
99 52
56 107
139 124
41 25
56 14
62 88
132 57
100 57
131 61
55 23
41 142
119 106
131 114
60 169
38 78
86 121
29 57
26 29
141 137
116 128
48 76
58 143
114 54
129 176
125 134
69 136
38 135
21 14
111 179
96 92
92 99
34 77
96 184
63 128
15 13
129 121
28 21
66 79
58 17
95 109
35 67
37 59
106 160
113 179
125 165
0 52
96 149
3 51
45 150
118 150
86 58
19 158
107 83
61 110
67 5
24 19
110 67
19 5
135 167
62 163
146 71
127 89
143 61
122 169
71 144
124 83
116 99
58 141
69 90
142 56
51 54
51 85
66 157
51 169
88 98
140 45
51 140
56 13
110 59
50 17
62 115
14 36
67 130
51 33
53 143
30 10
57 14
12 35
22 24
127 112
84 134
44 101
51 9
55 137
28 4
119 175
83 177
25 68
124 100
70 109
16 62
22 39
128 73
113 47
67 4
142 92
67 148
82 57
53 167
66 107
122 176
96 168
91 135
79 161
67 98
129 186
49 13
58 166
97 176
50 64
101 52
141 165
11 67
70 138
16 45
90 54
137 148
31 158
124 55
50 15
131 72
75 172
143 149
115 70
48 57
56 53
79 175
94 122
50 158
109 58
23 52
26 115
118 109
114 71
69 126
96 62
54 149
84 43
86 182
106 84
38 77
136 164
40 162
43 19
69 69
47 9
103 162
66 111
61 178
143 128
75 60
43 6
35 71
122 172
137 128
54 31
71 164
52 167
96 170
140 115
23 34
12 17
144 69
49 150
82 53
16 30
48 160
111 106
128 82
94 82
124 134
78 161
28 146
52 71
47 178
53 103
72 143
101 168
18 51
89 122
103 108
96 128
87 110
146 89
97 56
31 148
35 41
111 99
12 66
74 86
146 99
85 145
46 164
114 61
62 165
136 173
81 108
46 77
53 177
27 10
122 122
6 55
104 172
2 51
129 68
87 67
121 100
89 175
146 67
131 105
86 105
64 159
132 103
62 98
141 85
114 108
143 166
40 156
72 157
18 30
58 177
26 56
115 133
116 169
13 151
70 145
107 138
94 53
120 61
85 180
63 104
124 136
67 164
95 43
65 115
147 161
137 126
46 74
64 34
143 99
144 137
131 97
107 179
126 94
85 98
129 101
66 143
101 148
77 53
54 139
16 65
132 52
42 76
39 8
87 120
102 53
121 97
45 100
92 176
90 142
106 111
142 135
94 145
37 62
16 182
32 157
140 164
138 181
103 105
31 17
11 149
145 49
118 96
138 125
49 79
36 10
103 166
48 182
142 168
23 61
30 42
43 12
127 153
128 135
126 150
36 12
35 99
16 18
128 100
143 104
74 133
39 167
40 22
37 163
76 186
37 40
41 2
51 63
67 30
125 137
93 101
118 65
113 77
17 1
61 44
22 17
69 164
41 35
130 114
43 68
54 18
23 40
54 29
74 91
130 124
41 157
137 175
109 73
142 136
66 87
72 161
95 71
72 149
40 42
58 29
69 94
140 161
15 10
99 61
115 89
83 84
46 163
16 56
59 2
9 173
111 62
29 24
129 146
112 48
15 159
27 8
109 66
72 81
140 130
37 65
102 62
129 56
91 62
119 54
125 175
54 32
123 60
114 70
124 180
43 150
95 68
28 59
128 123
59 25
36 71
6 65
144 120
81 121
55 174
27 116
130 135
50 174
12 55
41 111
115 97
56 7
97 45
12 63
119 134
47 159
26 44
56 138
120 123
20 177
49 33
144 89
73 166
126 57
84 70
143 122
88 67
147 117
61 131
19 159
66 8
34 164
63 98
30 26
19 163
19 20
102 163
21 44
85 106
74 148
110 173
59 133
46 144
55 143
38 67
114 164
113 57
64 127
41 9
14 70
103 61
70 144
47 12
82 171
52 86
27 4
19 54
114 173
15 55
16 41
65 150
65 11
126 185
58 144
51 32
20 58
54 148
5 64
47 78
23 32
76 82
124 111
108 52
89 85
39 38
49 55
72 92
87 97
140 165
15 21
41 175
84 170
143 106
88 183
60 38
70 52
39 163
95 181
27 14
41 45
50 44
25 159
44 144
11 170
8 162
124 116
34 142
53 64
50 178
66 7
145 128
146 153
82 84
57 39
103 111
57 143
49 175
49 64
17 158
25 157
61 146
4 49
132 69
71 91
79 54
110 78
39 162
129 72
49 1
55 167
122 160
140 60
113 185
50 40
109 160
71 53
41 61
61 17
31 57
72 123
139 67
103 69
22 15
34 78
72 129
29 156
90 140
126 92
121 172
41 112
38 64
146 87
147 115
80 84
22 26
28 11
45 169
124 57
68 41
97 58
114 160
9 172
64 150
106 44
111 150
46 146
91 94
12 21
31 16
39 20
66 32
128 113
53 11
103 95
63 90
52 28
137 129
120 166
125 122
79 174
60 181
109 122
69 106
42 170
139 74
12 33
74 89
117 186
49 23
56 12
96 98
125 167
103 124
20 8
18 44
123 70
131 69
105 150
71 86
20 66
20 59
95 82
50 37
113 175
59 136
123 146
67 139
38 13
37 67
92 88
99 53
14 3
143 130
121 137
42 145
68 93
71 148
101 146
112 104
97 57
65 171
49 6
66 90
22 178
139 159
49 66
29 25
31 163
37 36
42 160
107 163
32 135
69 170
84 98
101 162
49 170
13 34
96 84
33 140
50 149
22 37
44 165
112 110
54 99
25 158
113 127
59 0
138 114
130 146
44 100
125 66
124 52
62 161
79 166
141 139
138 112
60 27
141 178
93 103
96 148
18 158
132 74
119 93
91 89
58 36
80 105
132 53
74 112
130 169
103 100
142 65
11 28
110 53
28 135
23 59
128 80
57 18
70 123
142 116
45 175
141 71
100 165
36 14
125 164
126 126
72 131
130 74
110 180
41 151
48 159
20 67
50 34
118 89
109 94
115 60
112 153
111 91
106 79
131 84
51 37
35 139
27 41
125 108
130 151
119 164
96 178
127 56
58 88
66 31
30 6
47 44
77 52
127 167
61 7
91 125
82 138
128 138
109 67
116 186
21 1
71 138
48 4
130 55
25 63
103 146
56 146
35 15
59 158
117 83
108 143
33 19
126 180
26 26
84 172
113 66
111 135
74 164
40 35
47 75
49 173
113 116
69 127
96 48
102 60
80 182
53 56
70 142
51 139
131 163
39 133
28 17
4 57
15 29
142 66
24 18
0 51
63 107
135 168
75 88
141 44
63 16
135 162
39 22
64 44
113 171
113 85
127 145
93 175
38 14
108 169
15 53
130 53
41 27
106 173
105 180
16 24
128 152
44 64
54 27
28 116
140 66
56 171
83 148
55 161
62 15
116 67
20 51
105 167
118 149
39 39
95 57
40 183
51 21
49 143
16 147
87 93
29 42
77 176
54 44
78 182
138 174
128 165
30 25
115 67
90 81
66 36
139 148
79 55
24 45
143 153
41 31
108 53
60 19
51 86
56 106
86 183
67 107
91 134
45 117
127 109
117 98
53 70
49 17
95 104
55 42
104 147
59 144
47 133
141 128
55 102
36 7
12 150
108 124
18 65
93 65
126 136
54 16
31 2
24 30
80 185
27 38
19 45
66 109
21 54
28 45
68 85
80 124
95 45
62 131
117 108
69 83
116 87
47 132
43 23
113 80
52 9
104 115
70 146
18 151
41 181
46 26
111 92
117 134
123 133
78 177
25 42
125 147
17 5
56 174
115 83
4 71
24 22
67 145
3 54
139 177
82 85
76 180
26 160
146 162
70 148
113 130
132 108
61 133
140 138
94 178
54 135
93 110
41 113
113 183
95 102
113 92
43 149
127 106
131 59
48 176
92 148
45 75
84 146
102 150
102 149
82 90
105 92
26 55
5 68
59 131
82 128
143 102
36 61
21 2
40 165
75 112
119 86
30 51
115 86
17 33
26 69
68 86
83 46
27 135
96 61
35 10
5 52
35 136
89 69
128 94
85 179
31 64
43 180
81 100
15 7
114 182
14 23
139 68
40 40
144 166
142 170
39 99
36 39
5 87
72 162
45 119
66 165
85 94
57 169
23 21
124 86
47 34
121 68
120 174
144 84
55 34
11 33
68 23
97 70
108 107
149 74
39 78
125 178
65 142
32 148
125 148
89 172
23 25
49 30
128 101
99 59
94 127
126 164
47 32
121 62
41 99
13 19
124 94
95 69
29 35
118 122
139 101
121 139
69 112
119 96
84 92
41 23
64 6
100 178
23 13
98 168
126 173
117 53
130 69
13 42
90 107
145 121
49 43
25 60
74 138
103 103
130 166
89 185
93 47
84 94
42 60
44 86
92 103
128 170
119 94
15 34
91 139
52 174
25 52
146 129
57 53
63 39
147 69
130 150
103 53
58 19
44 61
7 59
39 149
58 9
12 53
137 124
24 32
88 124
119 181
26 11
55 149
131 91
59 90
92 140
67 9
109 143
125 162
142 72
12 61
117 58
114 103
75 52
26 45
130 61
120 132
63 151
129 52
63 142
45 116
84 148
139 143
141 160
23 30
43 118
103 149
110 175
69 104
145 86
105 148
23 54
1 51
118 123
49 136
124 181
131 89
42 182
91 109
108 45
118 73
128 92
146 111
131 99
131 173
117 89
96 174
50 177
52 39
132 70
91 149
29 158
46 166
121 138
40 16
30 62
14 66
42 44
91 176
131 183
47 172
47 0
30 161
138 102
146 74
29 21
34 45
68 105
75 176
144 139
55 160
93 90
7 56
42 120
85 174
65 7
108 106
55 158
111 52
140 74
96 110
58 0
95 48
11 162
37 26
12 58
48 74
17 63
59 162
128 67
48 53
147 166
139 168
60 1
15 163
46 27
61 98
13 63
22 176
130 123
35 142
70 54
36 167
145 152
40 3
26 60
116 108
17 37
23 178
23 22
129 96
70 68
31 144
112 96
85 140
102 147
144 138
48 63
110 145
48 2
73 158
123 109
120 137
55 106
115 120
72 141
36 138
82 178
50 78
17 52
13 18
144 122
7 172
68 44
68 18
85 184
65 92
110 102
144 105
123 151
119 80
121 144
102 57
40 77
12 70
20 63
82 143
122 120
65 21
30 142
41 26
65 26
69 137
126 105
72 100
18 7
81 141
136 144
65 109
61 173
119 53
63 171
82 82
60 171
138 163
55 138
108 104
54 14
34 34
144 112
144 73
25 34
57 180
18 38
106 48
78 58
95 185
119 95
74 66
126 125
33 33
14 60
65 124
110 55
74 174
114 84
80 176
17 14
47 80
28 28
30 4
118 107
15 9
91 128
93 139
138 47
88 81
88 173
138 146
47 57
19 59
131 106
111 144
17 54
59 39
19 52
70 100
126 88
140 145
78 171
60 16
4 56
57 0
80 186
28 50
37 156
64 143
15 1
132 81
55 5
34 15
125 55
47 90
51 138
61 11
72 77
48 118
22 2
114 92
45 160
80 96
66 125
138 113
109 70
24 62
143 142
85 181
126 99
55 181
25 12
36 75
16 15
105 178
25 66
42 8
116 120
41 66
40 181
117 77
84 65
126 67
141 70
113 136
47 119
92 120
15 30
39 151
104 67
87 135
118 132
111 105
107 122
47 146
104 99
125 57
68 2
118 171
95 173
53 170
45 162
28 147
95 60
89 100
61 12
73 150
22 60
144 136
124 97
82 174
59 41
11 173
14 19
37 8
51 55
31 29
53 29
58 80
128 65
18 68
104 129
28 24
36 44
67 137
37 29
77 158
81 143
145 74
143 71
144 62
57 166
26 9
9 168
113 184
59 181
144 106
82 179
114 121
113 102
73 114
33 138
123 108
85 97
99 177
36 0
11 24
42 24
105 145
109 169
144 65
81 140
17 60
43 5
46 44
14 0
46 22
142 139
146 45
39 170
39 6
96 88
144 90
82 148
113 83
73 181
69 76
104 108
5 62
127 55
147 146
60 179
92 62
91 88
122 98
123 116
127 166
47 11
24 14
24 26
20 38
143 74
20 23
39 12
54 26
118 167
139 48
143 84
35 35
51 1
17 177
103 150
108 142
144 143
35 138
149 62
12 12
40 17
81 144
68 169
59 164
33 28
11 0
57 81
39 134
60 173
65 82
51 19
126 108
118 134
36 41
92 122
114 58
53 176
71 172
70 132
96 69
69 123
109 133
44 175
75 53
42 78
24 38
123 59
63 8
119 173
35 101
58 10
46 179
123 82
84 179
62 43
145 136
135 179
73 93
30 11
115 105
54 22
22 57
84 135
56 157
16 50
64 86
127 65
123 145
111 111
116 98
61 162
35 14
79 56
95 183
115 121
118 56
7 65
95 144
6 69
40 144
48 65
66 83
67 112
14 149
97 67
47 162
104 153
124 89
34 22
35 20
129 114
94 43
148 63
55 9
84 171
117 173
117 179
118 136
111 109
21 61
18 182
40 171
83 53
92 109
42 116
123 110
66 160
21 34
81 85
148 166
106 122
114 102
86 88
65 38
71 136
24 4
90 173
101 94
34 35
25 20
73 175
111 164
71 51
139 176
17 57
117 112
37 13
112 83
119 183
15 4
58 32
142 153
104 126
33 67
118 169
21 182
79 163
63 99
52 76
42 166
59 15
144 149
59 147
23 62
143 116
82 108
123 73
54 42
145 60
97 124
146 82
61 130
13 55
112 180
39 43
59 33
23 149
12 51
120 57
54 15
65 148
13 164
75 178
121 116
55 30
58 34
35 144
41 76
129 147
94 103
57 28
98 184
40 2
105 129
17 183
68 171
76 172
19 13
111 123
109 52
119 160
108 58
100 168
95 172
51 75
70 106
112 179
7 64
47 17
46 170
124 80
13 3
126 146
17 27
99 66
20 7
57 89
139 112
31 41
33 43
41 12
45 120
81 182
64 42
119 167
53 66
61 140
149 129
102 127
70 169
13 66
39 65
66 29
97 177
15 19
24 65
111 71
138 71
128 83
21 70
53 140
36 28
95 97
31 143
85 43
121 114
126 80
9 146
146 134
50 101
136 179
61 109
122 88
121 136
82 92
142 46
54 23
48 21
51 58
74 84
112 59
72 68
109 83
116 129
30 141
73 146
74 149
18 11
100 180
74 64
78 181
64 28
97 183
113 90
17 34
124 104
59 16
61 34
34 165
142 122
63 81
142 175
36 22
78 59
44 59
37 100
72 82
121 105
86 52
54 101
24 28
55 163
107 85
28 152
73 70
102 68
65 136
19 9
12 62
54 144
132 66
81 81
140 82
89 97
86 104
86 96
95 52
63 42
129 100
82 56
133 58
87 100
93 54
70 162
61 181
127 81
63 35
56 28
123 94
68 134
127 57
64 115
138 106
80 180
19 0
65 1
145 101
44 179
81 56
1 52
127 122
97 55
23 68
49 160
53 107
96 94
61 35
84 91
57 15
43 173
83 134
59 169
46 79
30 64
73 147
54 175
44 112
121 113
57 151
15 2
83 140
65 98
62 102
98 186
144 113
123 173
108 100
142 112
28 3
19 29
44 10
104 98
112 85
59 139
41 145
124 160
46 21
109 57
122 80
73 104
51 172
83 102
56 176
20 31
133 62
35 43
140 181
103 121
66 100
104 100
55 43
79 178
54 136
14 162
127 137
66 42
9 171
37 167
126 134
52 43
31 25
86 53
76 182
93 128
89 174
32 140
70 77
113 73
21 50
5 66
49 42
65 100
48 68
64 122
102 116
104 159
42 63
47 30
72 124
70 104
94 94
51 104
88 135
11 168
44 161
53 162
110 142
25 19
48 1
19 15
140 44
87 123
35 25
42 64
95 59
38 39
125 124
115 171
115 185
74 93
25 4
59 176
126 110
57 88
81 92
13 64
130 52
95 142
96 182
52 55
59 138
35 42
116 91
72 165
136 174
6 89
66 15
69 93
56 32
84 90
62 109
116 134
12 68
139 115
44 119
123 111
69 80
61 168
82 168
128 134
88 171
92 123
68 129
11 62
85 93
129 110
144 85
101 102
118 83
50 75
75 181
145 135
129 53
91 122
42 169
125 107
61 179
40 161
45 176
6 79
67 20
31 39
71 110
43 32
43 16
59 168
115 136
37 10
66 85
64 36
86 135
69 101
67 85
92 141
37 6
121 124
141 181
31 0
49 81
61 0
100 46
22 64
111 116
124 115
67 149
38 138
84 183
12 64
108 78
42 11
36 19
60 115
67 129
69 160
34 65
51 91
16 158
104 151
115 128
57 51
78 60
64 110
34 24
22 22
98 47
149 68
100 68
66 55
21 37
125 104
95 101
89 170
62 141
95 91
106 106
101 144
102 148
16 42
16 68
127 69
144 111
113 69
108 113
22 59
24 150
15 69
20 37
117 147
29 10
109 153
29 22
149 61
102 105
56 4
142 129
143 124
109 47
7 63
25 13
10 158
52 56
112 146
59 22
70 170
70 130
62 5
80 172
70 157
87 179
91 84
15 38
51 22
94 71
41 14
87 92
42 68
28 10
50 173
123 164
143 165
128 95
111 136
123 159
38 144
15 31
42 23
109 126
94 109
136 130
40 36
148 128
146 121
37 22
64 161
21 32
89 173
96 103
68 100
40 58
32 25
91 177
125 151
40 66
18 58
60 36
124 133
82 176
33 135
47 182
19 41
7 54
92 185
31 140
114 62
11 8
65 162
16 20
60 87
141 99
96 179
42 56
71 131
86 101
102 180
142 138
96 127
100 163
61 167
94 89
101 167
106 98
116 102
73 142
120 180
12 41
139 117
131 56
119 170
85 103
44 84
89 140
49 41
97 90
64 162
78 184
94 85
64 79
52 51
141 92
78 163
69 135
131 54
126 181
73 111
45 82
66 163
50 55
86 142
20 17
33 65
49 20
109 138
61 149
21 12
82 175
89 176
31 13
87 43
112 58
49 80
24 10
68 26
14 54
3 57
47 8
117 169
127 186
121 171
86 124
101 153
18 178
81 169
106 121
103 112
118 166
120 83
143 162
47 86
114 122
120 112
25 25
104 177
20 182
93 105
114 55
28 42
46 69
36 77
43 43
95 140
119 116
54 178
55 54
47 170
145 73
29 15
45 41
75 92
43 114
135 177
116 78
41 19
110 109
124 173
115 114
109 111
50 80
140 170
45 12
123 106
17 178
110 150
52 40
50 41
61 10
95 184
90 102
145 103
116 126
94 186
11 43
92 59
143 55
82 111
4 87
19 64
69 124
51 41
72 145
90 94
34 166
101 170
92 127
25 57
113 94
110 147
128 99
45 5
56 100
115 164
140 171
107 126
29 9
67 105
60 178
63 139
75 157
22 28
102 45
107 159
17 148
137 159
81 94
52 2
119 87
18 12
111 126
82 93
21 21
127 87
112 174
29 65
46 176
75 106
123 129
76 63
145 143
94 181
106 83
36 57
55 176
2 49
43 75
49 27
90 183
86 84
105 132
48 0
25 26
48 180
27 65
128 85
141 117
35 31
149 127
76 169
129 175
107 180
84 87
110 103
114 53
125 180
12 30
5 71
59 141
58 150
48 24
68 103
102 122
65 146
49 57
33 31
129 116
39 1
129 66
52 31
96 86
141 74
12 169
84 104
97 174
121 132
117 86
84 93
45 172
46 138
50 39
94 139
84 111
38 36
63 143
125 144
126 100
47 24
66 24
29 147
140 124
41 6
32 43
50 147
74 130
19 66
64 164
122 128
60 29
40 44
123 124
44 5
126 65
121 164
142 60
67 101
28 63
45 33
53 21
88 58
122 167
141 161
64 136
47 136
106 99
40 146
99 47
85 146
51 167
23 51
58 1
24 35
49 65
46 57
141 62
121 58
58 164
111 96
92 184
116 80
44 180
45 61
117 160
84 175
129 112
118 170
38 76
72 79
44 117
146 152
113 61
119 82
37 43
50 87
52 77
59 34
68 84
16 28
75 110
49 137
118 146
142 113
27 55
130 102
28 8
115 177
56 149
62 125
56 144
26 61
67 13
108 54
53 13
89 107
35 24
29 139
117 87
62 179
63 105
60 45
118 111
49 139
7 170
58 28
75 66
42 45
16 11
9 159
122 81
125 171
66 127
138 104
142 48
44 14
86 171
126 128
110 153
123 69
38 169
101 160
60 9
24 64
128 116
63 164
123 114
45 142
13 44
25 8
131 107
38 7
114 104
65 94
48 28
58 171
66 33
43 146
145 129
48 120
45 35
35 147
110 110
95 137
11 34
142 124
74 52
131 81
19 53
72 166
106 107
33 45
116 124
21 4
46 160
60 166
62 24
98 62
85 144
92 126
98 58
52 63
32 69
51 57
47 87
113 110
31 162
40 74
144 94
70 103
66 38
49 29
38 132
125 74
64 130
31 11
131 70
58 139
33 35
17 4
123 127
10 171
67 24
127 101
145 67
132 82
91 186
93 172
32 0
122 87
79 63
76 181
90 169
14 148
14 158
45 143
54 142
54 21
122 100
61 176
127 68
80 179
59 159
145 93
73 176
61 26
13 161
86 138
74 140
115 98
73 90
94 134
61 175
65 86
125 163
112 44
109 144
117 92
60 113
14 67
56 36
67 135
57 4
142 85
64 29
103 66
110 170
128 70
22 177
41 160
120 100
145 92
68 137
45 68
72 138
55 7
16 1
73 66
100 56
56 158
91 56
23 37
36 40
119 125
42 175
51 56
87 140
54 174
130 121
63 0
48 38
137 142
90 82
53 166
108 127
78 61
98 66
145 146
141 91
39 158
42 37
83 68
110 82
53 168
63 1
65 13
101 177
42 100
112 80
68 25
141 100
36 59
57 30
46 132
73 98
111 170
86 127
49 179
113 81
55 37
63 20
31 160
131 92
112 101
38 30
27 7
27 53
49 61
27 152
24 159
17 185
23 28
129 150
22 35
50 43
94 176
47 10
122 180
70 55
115 87
56 37
30 8
70 92
95 61
75 183
95 143
19 32
33 160
40 179
121 69
145 124
61 53
60 24
43 165
33 7
106 147
63 88
148 148
113 119
129 185
117 135
90 108
60 141
109 65
65 80
130 57
71 85
20 39
79 160
67 88
66 2
107 125
32 41
89 82
137 130
88 185
104 121
126 84
131 67
33 64
4 90
110 91
40 182
31 156
146 139
73 163
39 66
47 101
33 69
100 162
126 72
118 58
120 53
130 128
36 67
23 20
129 107
118 67
53 35
62 177
27 19
8 159
25 65
50 21
79 165
112 84
67 99
62 146
120 179
29 68
72 122
13 37
118 164
105 93
20 25
114 115
138 170
144 47
133 61
40 145
57 83
90 186
131 116
52 57
41 144
16 8
37 57
105 82
104 71
12 159
111 124
97 100
51 39
75 107
39 5
11 63
19 67
141 147
89 57
83 91
62 128
143 133
22 8
12 1
72 107
108 95
129 166
39 32
75 165
66 128
41 173
73 103
28 37
61 13
22 41
112 132
63 40
20 45
127 124
102 59
33 143
130 163
96 122
120 145
1 49
118 90
86 46
93 70
92 136
97 123
21 35
90 179
105 66
70 87
103 167
66 84
114 113
122 103
64 17
120 54
63 10
56 150
88 178
76 64
120 120
76 66
93 68
63 146
60 130
93 179
115 99
119 97
38 69
72 106
102 91
145 160
90 83
147 151
59 9
29 2
149 60
40 149
21 18
112 103
142 178
68 164
106 149
55 130
92 135
80 111
42 61
125 183
138 166
34 170
47 35
36 3
94 174
145 166
87 174
131 176
62 171
146 165
132 109
45 166
26 159
68 42
45 88
102 67
28 141
10 166
68 139
91 104
54 172
48 83
45 16
123 99
18 62
82 96
42 28
40 133
65 15
25 141
52 26
117 183
50 18
31 50
92 108
57 147
11 36
118 52
36 45
90 125
13 54
29 60
28 6
32 158
58 147
87 52
68 136
120 74
88 145
124 162
42 43
86 44
128 93
22 29
34 56
22 1
43 9
67 37
119 56
24 21
86 68
91 121
34 75
83 100
108 48
121 101
45 80
37 68
75 174
46 38
72 139
42 12
70 94
64 53
94 111
83 124
30 34
126 147
25 0
48 44
46 90
126 165
36 29
34 1
73 100
49 163
96 143
54 179
50 13
62 54
67 114
59 130
35 27
115 95
43 18
58 176
63 94
60 149
36 34
36 20
55 21
82 54
72 86
104 53
127 173
8 170
40 131
35 59
98 170
121 148
109 152
6 61
91 97
102 115
72 101
12 19
53 63
119 102
35 141
126 122
48 157
121 95
18 179
86 93
146 81
14 63
47 65
97 71
81 185
101 99
23 156
128 62
89 149
148 65
142 127
68 82
64 104
127 183
31 151
120 94
145 133
5 79
81 55
66 25
108 149
32 4
44 160
140 174
31 56
6 63
71 83
52 168
74 135
25 9
146 148
47 117
68 29
138 159
131 121
19 148
105 55
111 175
131 166
103 180
19 61
43 175
75 103
147 165
87 101
95 46
19 177
50 1
140 104
102 47
10 173
86 120
75 59
91 179
141 121
21 33
66 92
140 133
27 23
65 137
36 159
123 119
14 5
126 170
50 168
16 3
51 15
65 33
58 133
44 13
17 45
31 147
102 167
55 31
49 151
46 0
27 31
130 184
53 157
69 130
46 175
58 83
113 112
116 106
63 114
120 99
123 176
4 58
51 79
11 40
41 170
52 169
141 170
144 92
70 107
39 45
45 181
102 168
89 52
61 158
98 65
34 162
113 150
124 168
21 176
39 74
129 57
98 181
62 180
52 62
48 30
143 73
109 149
62 19
131 186
56 170
75 54
34 7
95 86
91 127
65 125
48 52
23 159
51 7
19 23
51 8
119 120
29 135
73 148
67 172
48 51
95 81
147 152
53 27
59 55
119 139
53 132
58 22
129 136
121 81
45 69
61 134
60 55
30 136
106 164
21 180
141 175
76 61
51 99
122 144
109 163
49 26
121 115
104 123
84 186
127 70
142 81
68 170
122 115
12 18
112 185
107 172
128 162
7 53
122 96
7 66
47 13
122 85
43 13
101 46
135 165
51 71
71 69
83 144
20 184
62 13
78 160
93 142
120 104
92 91
87 139
53 164
91 108
141 122
109 54
104 171
26 43
91 174
91 100
4 89
68 106
110 71
143 94
59 19
94 105
74 67
149 65
89 143
69 169
125 62
90 62
17 159
32 64
47 67
57 181
63 14
42 146
14 9
70 93
88 105
123 96
47 149
123 161
76 88
130 170
140 90
142 174
5 90
68 22
108 146
102 177
36 62
42 26
123 171
46 178
114 100
29 4
67 84
84 142
112 62
87 87
105 96
21 179
122 107
53 26
110 136
68 122
42 4
128 179
23 11
59 11
44 170
61 111
108 110
14 38
111 95
63 13
106 152
121 90
43 17
44 69
108 86
127 149
59 1
45 32
14 15
124 152
104 113
10 151
95 67
49 70
66 16
19 50
143 89
140 136
60 12
59 45
12 16
73 83
41 169
54 17
53 172
48 22
38 56
30 137
90 58
142 147
39 98
71 127
97 99
75 171
86 147
15 11
142 123
54 157
40 100
109 99
86 170
107 153
63 79
52 89
109 96
41 15
148 159
29 33
24 15
24 66
104 152
140 148
58 81
120 79
22 151
103 161
113 46
18 69
51 52
109 164
130 177
93 183
66 0
96 59
23 151
43 15
93 177
9 165
62 164
74 142
54 20
82 172
111 89
52 179
126 109
42 148
81 123
65 105
142 151
144 104
112 81
35 3
109 135
88 65
136 49
63 11
113 143
120 165
19 63
85 45
65 29
43 116
51 87
70 150
56 163
38 147
94 83
30 50
50 36
4 78
132 62
18 60
116 148
89 93
61 171
117 72
10 162
25 140
105 146
45 178
11 20
23 66
70 85
22 180
67 161
138 176
55 170
54 170
63 181
23 175
50 4
47 40
83 92
127 144
43 67
122 147
130 101
20 28
11 29
31 149
119 138
41 172
23 0
141 86
45 101
41 158
113 177
38 101
137 173
23 185
74 51
116 135
53 59
61 170
52 19
14 40
129 125
111 93
43 178
29 36
101 62
44 41
58 136
103 44
143 110
120 90
32 58
93 176
137 179
118 182
60 98
10 163
52 16
55 99
15 24
43 157
23 177
141 61
112 46
135 48
28 137
45 179
49 9
136 169
21 42
145 159
23 7
91 86
114 45
87 178
56 141
59 150
56 147
76 77
64 0
117 65
112 54
139 172
14 59
18 55
21 69
50 79
66 135
42 99
72 137
57 149
22 62
34 20
38 43
110 143
120 119
48 89
69 151
32 3
64 137
101 169
111 46
54 13
128 86
130 147
96 47
102 107
121 111
58 162
126 178
71 90
23 45
63 178
16 2
62 91
105 108
61 174
25 151
94 59
67 78
50 85
59 30
118 125
66 3
22 66
97 120
64 113
94 56
42 25
141 110
138 46
54 9
41 60
126 62
17 64
59 6
82 103
47 173
123 181
50 89
47 84
34 42
131 79
2 50
13 4
68 0
124 112
109 173
145 115
117 73
127 133
40 164
23 5
20 160
111 101
83 69
123 80
30 148
51 66
114 96
81 124
144 162
116 175
43 181
51 89
69 168
106 112
20 179
22 52
40 31
76 183
21 53
95 44
89 179
13 61
57 22
122 67
43 117
44 158
116 57
127 126
89 103
46 31
62 33
73 159
56 142
17 66
142 104
34 167
128 89
83 65
142 70
121 59
115 115
27 35
18 17
50 63
12 50
107 166
60 2
33 142
3 60
97 93
66 53
61 23
46 84
59 87
45 20
5 49
90 110
95 121
25 150
68 78
113 70
96 65
35 18
55 45
95 174
106 103
63 103
138 124
130 82
64 22
31 12
145 116
64 20
106 108
40 33
44 167
19 149
35 77
118 163
16 9
18 42
110 69
136 177
64 83
85 169
64 100
142 140
51 136
14 34
30 22
108 175
90 177
45 84
110 96
140 134
41 171
24 137
109 108
124 90
23 184
71 82
19 57
88 106
110 72
16 70
46 116
82 184
37 69
64 111
30 17
125 138
62 25
132 61
147 168
143 135
117 121
20 161
117 180
17 25
47 61
4 65
86 139
77 170
142 73
55 135
112 89
20 53
66 147
67 122
116 103
141 105
16 39
17 16
55 139
91 184
22 159
112 78
142 181
37 70
123 56
73 82
83 122
14 52
66 81
97 101
45 180
67 39
122 101
92 171
12 54
130 138
34 12
37 19
40 157
40 1
16 4
72 52
82 137
16 159
93 146
68 31
71 125
30 38
142 119
107 144
7 171
83 57
71 162
145 139
133 55
38 65
114 174
56 181
121 180
76 62
69 81
7 52
24 9
30 147
120 162
45 23
19 42
137 160
119 60
29 62
92 90
143 161
77 185
35 64
81 184
24 55
92 181
120 108
21 151
93 61
118 152
44 168
73 105
144 167
33 161
129 81
60 111
24 157
31 70
41 33
97 175
32 19
45 171
15 68
42 65
12 20
17 70
99 43
123 121
72 93
141 172
73 86
12 60
110 114
89 181
53 31
25 135
85 125
45 168
64 12
145 134
95 123
48 27
73 162
70 158
85 122
42 172
27 63
62 6
77 56
57 148
119 184
21 67
67 86
99 55
pois
0 30
0 64
0 100
0 136
1 36
1 136
2 129
2 145
4 92
5 93
8 112
8 184
9 72
9 90
10 0
10 98
10 138
11 119
11 155
13 111
14 124
15 78
16 105
16 118
16 139
18 134
19 48
20 80
20 166
21 102
22 46
22 80
22 84
22 168
23 103
24 74
24 89
25 47
25 112
25 123
26 87
27 124
28 48
28 169
29 87
30 48
30 126
31 127
31 155
31 174
33 51
33 125
33 149
33 167
34 126
35 55
35 113
35 173
36 93
36 96
37 49
37 125
39 87
40 186
41 106
42 130
43 91
43 133
47 104
47 121
52 117
52 123
54 52
54 75
55 91
59 105
62 74
64 58
64 178
65 47
68 154
68 156
68 185
69 96
72 26
73 36
74 118
74 173
77 51
77 73
77 120
78 11
78 19
78 29
78 102
79 81
80 17
80 44
80 74
80 130
81 14
81 62
81 66
81 155
83 75
84 75
84 77
85 15
85 17
88 26
88 31
88 37
89 4
91 0
91 14
92 17
93 4
94 17
94 77
95 17
95 156
96 73
98 12
99 27
99 28
100 15
100 17
100 116
101 120
102 130
102 136
104 6
104 49
105 6
106 53
106 155
111 0
111 31
111 63
112 34
113 166
114 18
116 140
118 16
118 51
119 6
119 21
119 29
120 76
122 42
122 132
123 10
126 35
130 8
131 41
132 166
133 66
133 103
133 130
133 186
134 178
135 1
136 7
136 68
137 64
137 87
138 51
140 16
141 39
142 41
144 25
144 108
145 11
145 35
145 56
145 59
148 75
149 30
149 78
149 83
refs
139 132
39 184
106 63
8 80
110 87
92 72
42 101
134 47
124 182
40 71
117 168
59 97
133 78
134 50
37 130
23 134
148 95
50 165
108 64
104 77
110 86
107 51
126 168
143 182
50 102
87 150
39 140
137 98
51 102
15 186
34 97
51 108
123 149
119 149
119 154
110 119
148 107
76 56
39 138
80 59
100 42
47 50
90 71
138 52
20 176
112 168
8 152
58 98
100 141
41 130
25 156
139 79
24 186
96 141
124 130
27 156
75 152
6 168
73 58
132 161
73 63
104 131
32 55
110 116
137 43
82 71
76 97
108 74
13 158
54 72
4 75
56 76
132 119
100 48
40 115
77 75
40 135
82 41
2 65
146 47
116 43
31 71
29 145
10 49
61 121
33 73
51 175
50 162
11 165
29 113
135 141
7 161
101 117
17 160
51 162
37 143
3 91
104 139
72 173
52 165
57 108
34 102
122 140
22 160
38 71
110 90
104 86
10 46
141 154
42 102
99 167
72 167
131 139
122 139
51 106
45 115
31 164
49 121
134 158
139 141
147 43
80 156
25 113
144 57
121 149
100 103
137 118
111 158
69 46
35 132
25 117
34 134
119 74
117 165
74 168
41 115
2 55
85 63
133 64
98 129
29 117
43 79
80 167
33 153
35 135
39 179
87 149
76 116
41 135
140 123
119 64
98 112
133 117
53 101
75 129
120 182
113 165
51 182
106 64
40 109
8 145
73 129
45 141
122 132
42 155
4 73
147 132
131 154
131 132
134 182
46 184
48 73
90 64
125 97
132 127
88 41
8 91
6 174
15 174
37 152
148 79
40 73
61 75
121 154
41 102
125 158
112 139
56 91
149 158
147 118
52 141
10 71
59 116
125 76
10 160
67 50
3 73
23 142
25 173
10 161
13 146
112 161
110 77
52 98
106 72
131 127
134 51
99 181
51 183
112 140
77 68
29 142
24 177
124 131
101 129
133 75
147 141
46 112
148 109
77 95
75 71
137 107
23 161
7 160
124 119
143 169
3 80
36 148
148 98
97 150
135 123
38 179
103 129
23 160
51 152
40 138
99 158
135 131
80 133
7 155
104 116
104 117
113 158
8 86
28 155
79 129
25 177
138 57
47 56
91 42
144 52
45 112
146 50
22 164
124 118
80 64
28 164
3 75
25 155
137 47
79 173
18 164
41 121
52 166
71 67
104 48
106 51
32 49
8 48
98 80
20 146
37 140
64 173
149 169
41 97
114 144
140 118
141 149
114 141
101 103
134 63
43 55
54 56
82 64
76 50
3 65
120 64
46 183
96 133
98 118
120 71
7 168
54 50
82 47
147 123
33 148
52 156
132 168
80 171
61 91
50 106
8 75
53 98
38 72
13 145
27 161
68 71
31 167
34 138
69 50
33 79
26 147
52 152
64 182
116 49
15 176
103 130
61 129
131 143
84 59
43 56
45 131
84 51
26 152
135 149
20 147
125 161
18 160
110 130
48 72
92 64
110 76
76 58
61 95
49 115
88 47
42 156
119 71
119 168
38 172
106 86
12 168
79 112
149 141
147 47
85 51
139 95
110 117
33 167
119 144
3 86
91 49
36 143
46 109
106 87
64 167
100 43
33 172
15 168
79 118
80 149
68 67
125 78
53 73
67 56
41 101
34 135
37 141
61 76
100 90
52 129
97 141
31 72
137 75
100 49
41 98
51 156
69 56
111 161
149 154
20 173
137 59
57 104
51 141
58 104
73 121
107 63
137 109
75 68
110 181
100 154
37 132
17 165
13 155
12 165
77 64
80 168
71 63
26 145
53 92
131 130
52 131
width
187
length
150
