obs
66 46
10 30
59 67
18 80
45 40
65 29
20 84
23 74
16 0
19 34
37 54
17 68
29 42
46 43
36 87
39 91
25 29
13 58
28 11
61 87
26 1
37 82
69 65
25 34
13 0
58 68
35 84
4 84
56 56
28 40
20 67
40 45
50 79
33 14
13 68
10 89
37 49
30 27
63 63
70 79
3 35
5 35
23 68
35 62
37 32
60 81
62 46
57 90
23 91
43 44
42 91
65 93
25 21
9 2
16 28
51 87
36 47
32 19
57 39
29 0
63 83
73 64
24 6
31 88
8 32
60 49
23 14
7 86
13 15
23 7
14 27
28 87
66 29
54 86
26 86
66 45
8 27
17 31
48 40
33 51
70 66
51 90
54 48
10 35
13 7
47 30
29 38
56 27
32 85
74 32
25 32
65 61
16 29
37 68
32 22
31 71
42 52
6 13
29 16
30 16
46 31
45 62
35 51
40 29
29 41
26 27
22 42
27 15
47 31
71 35
34 10
23 21
19 16
61 84
21 15
30 78
25 49
60 44
27 90
54 26
22 79
37 52
9 79
70 31
10 1
43 34
24 37
59 47
21 12
52 82
58 76
29 21
21 88
59 32
49 23
41 44
45 48
37 40
31 12
54 85
17 33
61 30
21 79
34 14
55 36
57 29
73 44
35 27
18 29
43 21
69 56
19 7
30 82
65 28
10 81
43 29
30 15
56 90
10 5
9 13
37 91
44 41
36 65
11 16
14 33
70 85
1 26
69 22
19 17
26 11
34 15
70 34
32 64
62 38
11 14
58 54
54 30
25 16
37 85
73 69
26 83
72 60
27 20
41 69
30 75
39 89
27 13
57 63
48 29
61 51
12 68
8 74
46 48
5 8
65 68
5 12
50 81
71 75
34 43
64 89
40 86
57 56
25 72
63 91
53 42
52 30
23 83
56 40
22 16
26 10
31 68
9 3
63 50
43 67
23 85
52 85
11 17
11 91
18 32
29 4
59 62
64 74
50 27
55 63
55 51
8 89
8 81
28 45
28 65
21 72
42 43
16 80
21 89
52 33
12 18
18 17
49 21
29 6
23 28
70 45
69 53
22 88
35 82
62 55
69 57
20 81
43 86
44 54
31 20
64 93
18 68
30 3
27 82
23 81
57 60
55 81
13 76
34 64
30 68
43 51
59 45
32 39
22 85
66 44
25 83
16 5
41 28
58 32
9 22
41 85
73 57
64 61
28 90
10 88
48 26
14 1
26 12
70 71
5 20
18 85
16 20
32 49
31 45
55 66
57 34
47 73
21 9
42 88
58 55
71 79
19 65
66 34
58 34
61 89
46 34
56 73
23 19
22 78
40 61
30 22
45 55
37 88
51 75
65 88
30 87
42 67
30 52
63 64
64 53
22 73
3 28
30 39
52 63
66 27
48 63
11 20
48 46
63 46
54 57
14 11
71 28
62 58
20 83
72 46
27 71
36 88
45 72
23 73
69 73
46 53
31 82
21 56
61 27
29 90
10 2
58 60
38 47
35 80
22 33
29 3
23 70
60 80
24 15
30 45
43 28
72 45
70 24
44 91
8 12
68 72
65 58
44 53
65 55
6 26
12 13
73 30
12 70
72 35
30 69
59 68
21 2
72 40
53 48
34 2
32 40
17 79
32 53
47 68
58 64
38 27
55 82
33 1
39 82
9 20
69 51
0 26
10 80
7 33
45 52
19 88
29 5
31 84
40 90
44 51
60 43
15 35
58 27
60 64
69 87
37 86
9 81
70 57
20 22
25 40
19 35
31 83
22 40
20 32
25 37
11 4
14 5
42 21
44 90
60 56
54 36
18 7
21 7
70 26
57 27
3 34
15 15
5 17
50 34
34 38
48 85
8 0
53 90
5 84
19 22
61 82
10 13
8 9
27 4
56 84
33 39
39 83
25 45
14 57
32 62
63 75
54 49
17 5
64 75
27 25
53 55
72 37
64 54
51 82
45 28
59 46
28 8
37 43
46 41
11 5
36 50
10 90
32 14
46 62
65 75
52 50
23 15
25 43
36 93
54 51
7 8
22 60
43 42
19 68
25 85
29 26
57 91
20 2
37 74
13 73
43 40
14 3
22 59
59 55
20 30
64 27
36 43
72 24
31 26
44 50
9 19
24 1
34 5
66 54
5 31
63 40
53 45
47 53
18 34
54 53
61 43
26 6
6 4
48 71
48 41
14 6
30 9
55 71
19 79
22 87
31 42
56 62
56 57
53 50
12 6
36 51
17 34
28 13
45 44
16 32
2 27
69 86
28 9
19 31
65 72
21 87
17 1
46 67
67 82
24 9
51 22
31 72
64 28
33 71
16 79
40 63
13 57
9 16
63 28
56 22
48 73
64 49
71 40
38 40
57 75
31 5
28 79
22 31
57 93
16 7
72 32
57 69
24 3
22 0
71 66
11 3
17 3
51 88
63 27
2 30
69 50
27 53
73 83
54 33
24 41
52 40
16 35
38 90
74 75
8 34
31 49
33 75
8 80
27 52
70 87
14 26
16 16
52 62
70 82
45 68
64 76
16 21
40 67
57 61
54 43
62 32
28 50
25 69
30 13
63 41
44 48
1 32
27 12
22 4
14 12
36 32
36 89
28 69
21 84
42 85
64 30
23 9
31 2
41 55
54 61
30 65
7 82
30 14
42 50
56 75
27 75
62 84
63 53
26 22
59 41
26 72
24 31
46 85
72 56
58 75
65 40
11 79
66 28
40 53
23 87
72 80
44 62
64 69
16 11
61 61
24 80
37 92
20 4
18 39
24 18
52 87
68 24
43 89
62 35
62 48
4 78
56 68
1 25
54 67
34 11
53 47
52 27
26 18
61 33
7 16
43 47
59 26
64 83
59 92
52 71
37 75
6 12
40 26
47 40
32 74
50 89
61 64
43 69
37 47
40 60
51 58
48 43
44 47
13 4
62 88
55 30
32 83
52 34
57 76
47 50
34 13
61 41
9 11
62 69
54 24
33 62
56 61
24 82
53 40
72 68
50 50
7 4
29 8
15 13
15 72
64 62
60 53
17 28
28 18
26 42
56 86
18 22
58 29
28 66
66 43
2 29
71 31
3 30
20 86
34 67
5 2
14 67
35 39
34 45
7 81
52 24
64 82
25 30
70 65
11 29
65 62
47 24
28 15
32 1
72 59
72 69
7 25
63 87
28 12
8 6
42 35
57 46
23 32
22 13
15 29
24 84
33 67
30 41
60 31
26 80
22 74
41 22
8 88
63 67
60 33
33 63
31 64
46 54
31 19
70 35
67 86
63 58
26 34
38 84
48 49
27 17
60 38
59 88
15 70
34 81
31 78
25 35
16 78
36 46
53 68
72 82
43 43
19 32
6 0
23 20
23 2
65 27
62 31
55 87
7 80
54 52
24 83
67 89
31 61
39 86
20 29
25 11
51 34
69 32
60 85
41 74
36 38
63 33
15 79
14 8
28 39
15 75
45 92
52 57
35 45
72 71
26 13
45 61
63 89
11 74
20 57
47 71
62 39
68 71
52 35
62 62
21 5
55 85
3 37
22 1
56 74
29 87
47 32
55 39
52 49
22 3
55 46
34 41
23 16
49 30
31 3
27 6
55 52
56 24
35 38
53 86
33 55
70 51
27 65
43 90
35 35
41 42
50 33
61 42
55 24
58 46
24 5
46 91
32 16
10 14
28 5
67 84
17 32
26 40
51 76
11 12
23 86
73 31
20 91
4 75
23 49
9 34
66 57
31 90
23 84
72 47
8 33
33 50
51 50
11 32
46 60
23 75
62 90
45 42
74 37
39 85
5 7
47 87
32 43
24 21
60 63
56 46
55 72
50 75
57 64
29 27
21 33
58 61
55 67
25 8
5 9
65 51
48 89
61 55
25 1
3 38
22 83
45 53
18 31
17 10
73 68
11 18
29 13
7 34
24 71
26 67
31 54
58 72
33 15
53 81
60 48
26 5
54 50
57 74
5 73
24 58
60 58
14 81
62 47
64 67
20 80
19 13
7 11
37 30
42 70
34 68
34 39
59 39
13 67
30 5
62 54
41 53
15 21
21 8
46 26
6 81
52 46
34 65
55 45
70 42
2 32
43 26
38 87
43 73
14 9
54 55
16 33
21 50
54 29
70 43
61 47
27 68
10 10
45 27
70 70
24 38
35 25
36 34
43 70
22 38
65 92
15 16
70 46
21 91
44 42
24 14
41 33
15 9
19 5
59 30
29 81
32 63
54 63
21 39
47 60
36 35
60 29
31 79
70 47
73 73
58 26
74 74
64 63
71 67
47 29
34 69
70 41
13 78
31 74
54 39
48 88
50 31
4 81
29 9
27 16
30 43
58 69
47 55
17 6
69 24
59 73
51 35
41 23
55 91
72 75
42 63
42 61
33 46
30 90
44 44
13 6
53 46
60 61
34 51
60 41
25 33
36 40
63 85
13 16
27 19
50 28
40 64
54 88
48 84
42 93
17 85
49 86
13 27
17 80
20 79
66 41
8 19
23 36
40 84
23 42
26 71
23 6
52 60
58 63
25 17
64 81
63 93
58 38
59 27
26 2
26 90
29 17
41 54
32 80
23 59
19 87
30 26
29 45
37 41
55 90
55 75
32 71
26 8
70 73
9 75
2 34
41 67
44 34
37 26
6 25
19 1
65 31
34 71
40 85
1 31
10 26
20 11
43 30
12 20
8 82
19 66
19 11
12 26
71 37
43 50
62 30
62 44
51 81
57 50
51 73
42 84
73 62
31 4
43 53
73 47
5 33
24 12
61 54
9 78
36 42
22 6
20 71
34 83
55 69
46 87
16 9
73 71
43 93
46 35
63 43
70 27
57 26
59 64
64 40
31 81
42 59
41 91
10 27
51 57
15 73
66 50
73 23
9 9
72 70
74 76
32 7
25 50
23 90
19 78
57 92
35 49
69 52
22 45
30 21
65 89
22 43
73 42
30 18
40 59
72 76
60 90
52 39
34 49
51 71
49 91
37 29
19 89
72 31
25 52
36 64
43 45
5 13
29 18
54 69
23 69
28 20
66 49
62 72
71 61
29 11
7 15
58 58
41 49
73 34
53 87
71 72
8 18
25 75
51 72
33 19
30 10
24 0
42 72
5 21
52 47
28 1
61 60
55 28
59 28
60 55
44 31
54 68
63 92
37 51
30 0
59 53
18 37
17 72
24 78
49 31
52 56
64 44
47 62
34 4
65 32
12 79
3 85
23 18
56 63
59 63
33 0
52 54
5 3
34 6
10 87
53 83
55 35
63 84
40 41
30 40
35 52
64 34
66 31
59 93
20 87
36 71
25 14
52 69
24 30
59 75
36 68
38 89
57 44
28 85
21 37
17 35
60 87
43 23
20 34
61 90
55 22
19 18
45 84
33 17
24 66
32 69
26 82
24 20
59 84
13 21
61 29
44 92
34 35
52 52
32 54
31 22
28 70
46 47
59 33
40 87
20 49
28 81
43 62
37 39
34 84
57 65
62 85
29 79
50 76
24 75
64 72
45 73
71 47
44 32
49 35
37 66
34 54
27 81
8 10
25 19
57 62
16 34
33 74
16 17
42 33
46 42
58 79
8 22
22 8
14 74
58 87
70 84
24 33
9 88
34 55
14 34
24 72
26 38
30 88
15 2
63 62
54 79
50 45
8 79
61 36
57 30
65 35
34 82
26 28
24 81
12 4
41 51
57 66
31 38
62 79
63 86
30 85
71 44
20 74
46 52
7 3
71 57
34 1
28 67
39 27
41 40
65 82
23 35
15 27
70 67
47 35
10 34
36 67
27 2
25 88
49 92
60 35
64 55
52 53
43 54
12 0
42 69
63 32
52 41
27 10
72 55
3 27
40 72
51 32
13 11
66 56
12 22
64 35
57 35
51 74
8 2
56 72
73 70
48 91
25 89
26 31
30 7
12 30
25 84
27 74
39 81
22 57
70 53
35 50
9 5
21 59
62 36
21 83
32 17
34 78
40 40
14 76
71 81
53 52
51 84
23 44
43 68
45 70
24 26
12 29
9 91
2 38
11 30
22 29
6 18
72 65
33 25
38 32
5 34
30 42
64 64
20 20
35 71
49 84
20 38
10 18
29 65
44 27
73 66
46 49
5 0
65 86
25 4
6 11
23 88
57 31
21 85
17 69
19 85
25 10
70 49
27 70
51 60
22 10
36 25
7 31
10 0
74 82
64 58
41 32
65 85
44 45
31 62
61 44
15 32
46 22
32 38
33 69
55 23
54 27
50 51
26 69
72 52
73 82
55 32
35 81
14 19
30 2
13 30
22 21
15 28
7 12
54 35
29 71
13 28
70 23
12 74
20 28
33 11
18 38
23 33
64 68
26 84
50 23
51 51
20 90
46 46
10 29
69 72
48 45
33 9
59 36
32 81
65 44
67 24
56 76
14 78
22 82
41 72
71 68
59 83
7 28
71 63
59 69
62 51
34 57
53 79
19 83
28 2
21 1
21 28
73 52
60 34
54 80
18 13
41 47
25 13
20 66
66 37
0 24
57 89
60 69
32 26
54 46
10 17
42 53
13 80
47 61
37 50
9 28
55 83
63 35
36 49
49 22
66 52
65 83
12 21
53 72
33 20
57 80
61 53
19 19
31 80
61 66
32 0
33 53
56 52
68 87
34 61
47 84
56 35
57 86
38 82
29 86
68 81
36 74
21 36
20 85
73 41
66 40
55 26
61 69
56 33
67 88
30 70
19 9
12 27
30 57
56 92
42 55
25 68
22 36
37 53
31 57
68 89
5 18
51 61
18 81
60 74
68 86
38 92
31 51
34 34
15 7
5 11
45 30
74 71
17 17
9 15
31 7
41 63
73 37
73 40
42 60
31 17
7 21
42 86
30 50
14 28
62 50
41 59
26 89
74 79
6 79
32 11
15 34
52 51
31 25
18 19
20 88
58 86
73 58
48 50
58 56
48 61
65 76
18 71
9 4
10 16
27 72
31 75
26 81
31 50
54 82
10 79
37 72
13 25
57 40
36 55
72 44
48 60
6 28
33 73
70 28
71 83
34 73
18 0
72 51
33 5
14 16
10 28
22 50
61 40
43 72
34 19
33 49
63 68
24 27
28 42
50 84
33 41
34 86
62 61
14 22
35 34
63 57
22 34
32 72
8 25
73 50
44 60
52 29
42 44
16 6
16 76
62 82
62 87
3 45
47 28
22 30
35 41
54 90
2 31
54 31
19 10
56 85
57 36
45 69
70 36
8 75
33 56
32 5
38 83
61 45
48 24
3 24
28 88
15 67
25 67
33 61
57 79
63 81
12 16
15 25
24 25
19 4
43 48
27 14
73 84
62 57
24 44
27 79
25 73
25 90
7 30
28 71
9 17
63 45
40 93
21 13
23 45
34 8
57 59
18 4
55 43
47 34
73 61
60 83
28 74
6 30
35 26
14 14
28 44
31 41
55 27
9 31
18 82
62 56
35 66
63 26
38 85
43 41
71 42
73 55
35 68
25 39
62 28
64 86
69 82
53 41
27 73
43 61
48 87
37 31
56 67
23 3
20 17
35 40
47 46
61 88
30 74
29 67
25 70
51 79
39 87
10 8
70 55
74 30
11 87
40 44
48 72
32 82
33 65
16 18
48 23
37 67
65 36
71 90
5 74
30 89
9 74
59 50
21 75
59 89
65 60
65 63
56 93
62 34
63 72
70 58
3 32
57 28
2 44
56 48
58 52
71 64
28 72
64 41
48 27
64 50
61 46
63 60
33 68
1 30
23 50
33 86
42 51
12 1
22 72
14 13
17 20
24 68
21 71
59 86
59 38
18 79
46 71
61 74
42 89
29 83
60 68
37 89
51 49
70 69
51 30
51 62
11 25
42 87
20 82
74 34
7 2
65 49
72 41
33 82
32 6
53 24
53 49
56 26
30 67
24 29
6 21
45 63
6 84
24 86
19 81
21 0
43 74
34 53
73 36
29 75
6 80
58 33
29 73
60 40
10 74
57 81
73 43
24 67
57 23
53 88
27 26
40 46
19 28
60 47
73 75
64 31
30 81
25 0
29 2
45 87
71 71
50 85
19 37
7 5
33 3
58 88
14 7
34 12
64 32
64 42
40 89
28 52
58 59
6 7
41 86
41 71
32 3
21 80
56 71
59 54
71 52
16 69
36 52
5 14
40 73
59 40
57 45
58 82
73 33
19 38
70 60
34 79
67 90
61 68
30 20
18 83
8 4
56 51
39 30
58 49
56 88
8 16
30 19
73 72
36 54
71 55
59 52
23 12
16 2
22 81
69 84
41 70
41 26
29 88
34 47
3 25
6 22
59 60
6 32
32 75
20 31
27 80
46 59
61 49
29 15
51 83
23 82
15 22
28 43
18 35
16 82
49 24
23 37
60 65
71 23
11 7
19 69
13 8
25 71
6 2
54 42
62 66
71 76
46 90
31 27
9 25
61 57
52 67
22 86
6 86
57 57
34 17
66 48
25 91
5 29
58 30
35 72
35 73
40 47
56 38
15 10
53 82
69 80
26 17
15 18
61 83
57 87
11 89
20 10
55 49
54 84
5 1
59 58
37 42
8 35
71 24
46 45
52 66
40 69
45 85
72 79
26 85
1 27
26 26
55 59
13 34
20 89
40 52
52 89
21 31
47 64
74 62
45 90
25 74
13 32
42 42
68 82
64 73
26 78
63 30
27 85
71 36
72 33
26 25
60 30
64 91
67 81
62 86
7 17
48 31
16 71
10 78
58 42
16 13
28 0
51 89
21 19
36 26
9 10
27 83
21 60
67 87
16 75
49 85
47 52
26 0
58 53
5 25
72 34
62 89
6 6
34 50
56 58
62 53
37 65
50 86
47 49
68 80
9 89
73 80
28 49
63 69
26 45
3 31
57 43
6 1
15 31
71 27
20 18
34 18
32 50
15 20
12 10
21 86
20 39
15 78
58 48
51 31
15 17
71 69
3 36
57 72
58 74
65 45
38 93
62 64
14 30
55 93
47 43
10 31
7 14
46 44
44 71
20 75
9 21
23 1
62 60
27 88
23 31
19 49
22 12
61 79
49 88
59 42
19 29
28 38
45 91
35 79
50 87
20 12
27 18
30 1
22 37
28 26
8 14
71 87
27 66
59 35
13 9
66 47
17 4
17 22
5 85
6 75
56 28
8 7
69 89
62 42
26 35
43 71
36 66
42 49
11 2
55 89
60 52
45 50
58 43
65 41
32 52
33 21
65 43
5 27
64 36
7 13
25 31
29 7
9 8
28 22
19 67
22 56
39 93
25 20
46 84
39 31
32 21
45 29
72 23
39 29
53 71
12 69
33 6
62 80
62 43
47 74
68 84
73 45
74 73
41 50
62 68
66 51
73 56
71 56
4 79
6 78
55 41
63 29
7 75
19 21
22 55
7 6
54 22
9 1
15 74
60 88
39 88
17 11
64 84
5 83
30 11
32 8
69 64
45 74
49 34
37 79
13 18
9 33
59 82
61 67
46 50
6 16
23 66
44 49
36 72
70 86
27 87
41 29
42 22
35 75
16 1
52 55
32 78
26 79
61 72
23 30
52 76
11 90
12 31
7 85
65 87
55 44
57 67
62 26
38 33
37 34
36 75
31 86
18 2
30 54
55 84
74 64
48 62
33 72
23 67
33 22
25 28
53 84
27 22
27 27
15 33
14 2
70 83
28 25
24 74
15 14
59 72
55 64
4 85
43 64
54 40
51 27
64 29
44 85
47 63
14 75
6 34
25 80
25 79
33 57
73 32
30 55
55 50
47 93
26 75
53 75
45 64
59 57
36 56
5 22
44 29
21 29
31 65
41 87
13 35
35 53
13 75
71 33
36 53
16 81
16 67
61 32
34 46
0 25
56 30
31 70
33 27
30 17
24 50
7 26
70 52
18 20
24 34
58 80
24 13
61 73
69 90
51 46
36 39
17 73
70 72
2 43
20 36
40 55
4 83
71 74
64 88
42 71
50 71
34 44
60 72
55 55
45 51
59 87
61 63
26 44
2 24
18 15
56 50
47 92
72 64
10 4
21 32
38 79
7 10
11 31
7 22
46 88
54 34
21 55
61 76
64 56
33 4
59 74
32 10
70 81
55 60
39 26
56 55
17 0
64 26
65 48
56 69
23 60
24 22
33 70
42 41
44 43
5 15
69 79
43 32
45 54
38 39
72 81
50 88
13 19
17 7
22 17
34 70
55 58
22 18
20 0
65 69
13 5
21 22
20 78
9 7
69 35
72 22
52 75
7 78
36 82
69 81
18 28
26 20
72 83
63 31
72 63
37 70
21 35
29 82
73 79
54 72
16 8
12 19
7 74
10 21
59 29
44 55
56 23
72 36
49 27
12 80
24 91
9 12
27 21
48 47
11 27
35 44
46 72
72 57
43 27
26 16
35 46
67 79
26 32
51 52
20 15
33 13
58 65
57 48
37 90
72 49
31 9
31 56
30 25
48 44
27 89
51 33
55 79
30 12
24 79
34 63
30 71
43 55
55 61
3 39
30 8
27 49
28 6
49 28
31 52
23 5
70 90
47 88
46 69
6 74
11 34
60 50
54 75
10 15
34 0
36 61
73 81
50 83
51 63
30 49
23 0
60 26
1 24
56 42
21 21
61 86
66 39
40 92
53 60
13 14
50 74
46 86
26 74
41 60
30 4
33 18
7 0
52 81
56 66
23 34
62 37
30 66
24 69
12 5
34 56
49 90
31 67
24 32
68 65
33 45
48 35
31 44
6 3
36 69
71 22
56 59
47 22
46 92
31 6
71 41
3 44
44 64
14 21
32 84
29 70
9 92
28 3
70 22
73 49
74 65
34 75
24 4
32 41
32 68
16 15
44 63
42 62
9 35
16 3
29 80
38 26
40 49
24 11
34 7
26 53
46 89
10 7
33 42
31 39
65 90
64 87
22 91
73 53
60 73
72 62
48 86
47 70
61 35
44 40
22 28
57 52
11 35
49 93
64 39
44 68
7 19
25 78
73 67
38 86
3 33
70 33
10 3
73 35
19 12
64 90
17 16
0 27
41 64
60 51
43 60
62 76
21 81
65 39
8 31
17 8
70 89
46 51
29 40
8 78
11 13
49 29
68 62
65 91
24 39
24 42
42 74
52 28
3 43
29 20
29 12
5 10
33 64
69 27
69 74
70 68
44 61
72 84
57 32
59 66
34 66
14 25
32 51
46 30
54 89
24 2
20 65
26 30
53 62
60 66
64 43
71 88
18 16
34 80
19 86
59 56
46 29
41 45
50 82
65 64
6 15
18 21
33 2
28 21
28 84
24 28
10 91
71 58
67 85
38 29
66 55
28 16
59 76
73 60
16 74
43 91
31 66
56 32
54 81
19 20
47 21
20 33
17 37
63 54
6 5
59 31
68 85
32 79
38 45
17 81
33 85
32 46
29 85
20 55
26 9
26 73
6 35
15 26
28 41
58 35
10 20
73 46
22 22
5 81
55 62
25 38
37 78
23 17
34 42
29 89
61 34
46 33
70 88
5 75
47 72
72 50
48 22
31 1
25 7
25 6
53 74
67 83
40 43
7 9
22 89
65 74
11 28
55 34
12 75
24 90
29 74
45 49
44 33
54 87
8 8
70 64
32 27
55 31
71 53
55 29
8 17
31 16
15 76
60 86
18 14
52 26
41 90
38 42
27 51
49 32
53 57
39 84
66 42
45 47
42 68
62 91
37 80
11 26
28 78
27 67
52 48
42 90
57 73
50 29
74 63
19 30
40 68
60 89
70 62
41 35
37 45
12 25
19 39
68 64
15 69
47 90
63 51
44 87
22 19
15 6
35 78
49 89
23 58
6 17
15 19
20 21
73 59
55 54
48 32
64 57
52 88
52 22
71 26
72 58
52 83
47 44
62 29
71 80
44 73
33 78
16 10
65 26
45 88
57 58
72 61
48 52
60 42
57 51
37 46
28 19
28 7
54 41
41 52
44 35
36 63
19 6
55 47
60 28
63 73
48 30
32 42
65 57
69 62
41 68
20 50
64 92
6 73
17 38
61 81
8 30
14 69
31 21
32 12
14 58
61 50
6 20
41 92
25 3
27 50
70 50
65 73
13 13
19 0
36 44
32 57
62 93
14 15
73 76
50 32
7 32
36 57
52 73
65 34
22 41
11 9
71 30
57 85
2 28
40 70
61 26
72 73
29 66
35 74
14 79
29 1
48 93
32 25
2 39
13 2
9 32
43 63
21 58
46 23
17 9
20 19
13 22
17 50
31 73
57 54
44 26
17 29
42 40
33 47
45 45
23 79
63 42
31 47
51 26
39 92
24 16
21 73
59 65
29 25
18 3
40 50
71 34
38 91
58 66
45 41
51 86
29 19
36 45
50 90
38 31
26 29
18 50
58 89
8 26
43 92
56 43
37 71
22 14
2 37
50 22
12 15
18 5
58 81
54 45
56 54
36 70
35 67
26 52
37 33
64 37
42 46
28 89
17 84
12 8
37 35
60 57
8 1
57 38
52 23
48 53
62 73
18 78
43 46
31 0
33 38
11 19
36 27
42 45
10 11
17 83
29 39
33 16
48 28
9 26
19 74
45 60
19 33
58 57
8 21
56 34
35 55
38 88
14 29
27 69
65 56
59 80
9 18
70 61
12 34
12 11
8 91
22 49
20 3
51 85
56 65
25 51
70 32
41 46
19 73
58 91
37 83
28 27
47 48
44 74
65 52
9 90
58 67
62 41
50 30
66 53
34 52
14 20
3 86
51 29
61 80
33 40
22 20
22 80
8 29
46 68
25 27
44 89
64 60
56 44
12 28
23 43
18 1
29 43
14 35
28 51
51 56
71 45
71 89
47 26
39 79
24 10
29 78
61 85
24 8
57 42
54 56
57 84
7 84
65 42
6 9
22 9
56 60
64 48
45 86
57 53
64 85
48 64
50 80
15 81
5 4
69 55
46 24
72 74
58 40
45 71
50 48
19 80
26 68
13 33
43 33
61 48
32 55
33 83
51 55
66 36
12 88
63 55
24 59
20 14
53 63
18 10
48 51
63 37
53 39
43 22
58 85
21 18
69 31
70 80
12 78
35 61
30 84
35 47
66 33
44 72
51 23
44 69
14 32
55 88
18 9
38 78
16 22
48 48
48 92
17 71
30 6
53 56
35 63
10 22
31 43
45 26
58 93
37 73
41 34
10 33
74 84
23 41
11 92
55 42
63 52
16 83
60 32
31 18
50 49
26 87
25 2
36 33
45 46
71 85
21 30
64 51
53 61
58 44
38 28
37 38
11 78
33 80
58 92
48 54
65 84
44 67
17 30
22 44
22 7
23 39
50 73
27 0
47 85
13 3
65 30
66 26
35 69
10 6
42 92
42 34
33 79
70 63
42 64
34 72
20 72
18 66
30 73
6 29
8 5
36 41
21 16
13 17
54 71
66 32
74 33
17 49
54 73
26 4
32 9
58 36
52 64
24 40
68 79
60 84
65 46
61 28
31 63
55 92
31 13
34 40
69 26
61 75
38 38
15 5
16 70
18 67
59 90
34 3
45 31
29 22
31 15
51 80
8 73
65 33
30 72
42 73
61 58
51 45
11 0
52 61
73 22
23 89
50 26
46 61
27 5
53 69
62 33
46 70
64 52
65 53
41 41
26 88
71 50
74 81
74 72
24 17
70 59
22 11
44 88
14 10
7 79
54 32
46 93
21 74
7 27
22 58
61 56
51 28
60 79
54 64
56 91
3 84
63 49
62 83
32 44
25 5
19 82
6 10
46 27
40 91
9 0
63 39
24 7
24 43
5 30
11 6
35 70
4 82
52 32
12 7
21 34
14 18
33 12
35 42
69 23
34 21
33 43
63 48
38 46
19 75
26 33
33 7
57 22
52 86
71 32
32 18
30 79
28 10
19 8
59 43
22 5
72 67
34 16
43 52
55 80
22 39
22 75
26 39
73 51
55 57
5 79
35 56
61 37
64 47
23 72
35 86
24 70
65 67
60 54
47 69
37 84
31 89
74 80
6 31
47 59
61 31
60 37
23 8
23 13
71 84
43 85
10 12
5 5
53 66
42 47
5 6
25 15
49 87
24 19
44 84
37 93
17 2
9 80
23 40
20 73
71 86
33 52
16 31
68 83
66 35
24 60
40 48
47 42
36 81
55 53
4 73
35 65
64 33
55 76
15 11
33 66
25 18
46 55
44 93
25 44
56 47
31 55
33 54
69 28
63 56
5 86
11 15
43 87
5 80
63 74
25 87
11 11
26 19
21 20
45 89
71 65
60 27
31 40
48 59
74 35
58 51
53 43
47 91
62 75
38 41
24 73
1 28
64 46
39 78
30 83
20 1
59 59
26 65
29 14
13 29
65 50
60 39
32 47
21 17
58 28
69 85
55 38
18 33
34 9
23 78
25 9
26 66
13 12
21 11
51 48
46 74
58 84
46 21
13 20
26 14
21 49
40 88
68 73
54 66
70 44
13 79
47 54
18 8
32 15
29 69
31 46
23 22
41 62
11 33
29 72
19 84
18 11
57 47
61 52
53 51
41 43
59 85
36 92
6 82
47 41
8 15
10 92
20 7
10 25
18 84
25 26
47 86
16 12
63 44
48 42
10 19
61 38
57 33
72 72
47 89
7 29
27 84
26 7
41 21
37 27
36 80
28 68
13 70
15 68
26 41
52 84
57 88
46 28
18 49
19 50
37 57
51 54
6 33
61 65
33 10
22 35
27 3
56 39
18 69
53 54
24 89
25 42
55 74
74 36
7 7
4 74
13 26
43 49
26 3
25 12
48 34
31 11
15 80
32 45
17 15
64 66
71 82
23 71
72 53
24 85
18 70
50 46
53 64
66 58
9 29
41 93
32 4
7 1
43 35
52 31
19 15
15 1
50 35
20 16
49 26
44 86
34 74
52 74
55 68
29 84
20 9
23 11
53 53
57 82
31 14
48 90
52 79
9 6
52 68
20 56
22 71
40 71
28 53
74 31
14 80
26 37
23 10
61 39
7 73
58 73
37 25
55 65
70 37
20 35
24 87
18 12
27 78
20 6
8 11
10 9
69 37
14 68
62 67
60 36
33 81
69 36
37 81
2 45
52 80
28 73
62 40
39 90
42 32
43 59
28 82
25 25
42 54
17 19
36 90
7 35
63 47
54 62
21 38
17 82
53 85
55 40
70 74
21 90
16 72
11 21
56 36
12 33
69 63
28 80
16 14
54 60
68 74
45 93
57 68
12 17
57 41
59 51
17 70
36 83
62 74
68 88
15 4
62 45
55 33
74 83
6 85
34 22
17 12
35 54
41 88
54 28
17 21
28 14
54 74
29 44
19 71
56 89
58 90
15 12
40 54
6 19
30 44
60 46
59 44
6 27
52 45
25 41
5 32
6 8
26 51
51 64
46 32
40 27
62 52
26 15
60 59
21 78
37 55
13 74
59 61
32 67
44 59
35 43
2 26
52 90
41 73
63 34
30 53
21 10
56 49
70 30
69 88
26 43
59 48
8 20
31 69
57 24
9 27
58 62
5 78
71 62
23 4
22 2
44 30
60 62
22 84
19 3
71 43
58 31
25 66
63 36
11 75
27 8
14 73
68 63
40 51
21 14
41 89
2 36
11 88
52 72
5 16
48 21
71 70
38 43
11 22
21 3
65 66
49 33
38 80
57 49
43 88
23 80
37 87
31 85
13 1
12 12
37 56
40 74
8 28
60 67
32 61
21 82
62 92
45 59
31 10
32 13
52 42
71 60
36 62
12 9
54 54
17 18
37 69
12 87
47 51
7 20
32 56
21 57
28 17
44 46
24 49
67 80
33 84
35 83
32 70
17 13
53 22
24 35
42 23
60 45
69 49
30 38
32 20
72 42
12 35
59 49
17 39
45 43
40 62
41 61
15 30
28 86
24 45
46 63
59 81
5 28
16 19
43 31
19 72
72 66
17 14
16 73
32 86
56 29
56 41
53 23
46 73
50 47
26 21
5 19
57 55
65 81
22 32
37 44
27 7
44 52
18 30
2 25
63 88
44 28
16 4
70 56
73 63
35 85
22 90
54 83
26 70
53 76
35 64
16 30
3 29
13 31
46 64
47 67
12 14
25 86
14 31
38 30
32 73
46 40
20 13
73 65
38 81
43 84
9 73
33 8
29 68
65 54
35 57
5 82
32 2
53 67
59 34
63 66
20 37
34 20
61 62
27 9
13 10
71 46
15 71
56 45
12 32
69 71
45 67
14 0
47 23
12 3
47 45
69 34
32 65
24 88
23 29
63 90
19 2
59 91
53 89
14 70
48 33
47 27
71 73
15 0
69 30
31 53
30 51
63 76
56 87
10 32
58 50
69 83
58 45
6 14
71 49
11 8
64 45
36 78
8 3
18 6
39 28
70 40
62 27
69 58
30 80
68 90
7 18
65 47
56 53
51 47
71 59
36 79
14 4
66 30
15 3
36 73
18 18
42 48
2 35
51 53
28 83
3 26
34 62
62 49
8 90
71 51
58 41
14 17
12 67
73 74
53 73
34 85
60 82
21 6
54 23
9 30
11 1
60 60
33 26
27 86
31 87
33 44
5 26
9 14
39 80
55 73
2 33
12 2
41 84
62 63
38 44
29 10
47 47
59 79
61 59
55 86
50 72
21 4
54 76
65 37
10 75
55 56
56 64
63 82
17 78
40 42
47 33
54 47
28 75
31 8
27 11
30 56
48 55
27 1
72 43
56 31
36 91
16 68
1 29
58 39
11 10
32 66
25 22
41 27
8 92
20 8
40 28
22 15
20 5
41 48
4 86
28 4
53 80
62 81
44 70
15 8
69 33
23 38
8 13
19 14
48 74
13 69
58 47
55 48
30 86
63 61
72 30
pois
0 16
0 28
0 42
0 53
0 88
1 39
1 56
1 70
1 73
1 76
2 16
2 23
2 41
2 46
2 59
3 12
3 15
3 20
3 41
3 56
3 58
4 11
4 32
4 52
5 47
5 50
5 66
5 69
6 40
6 68
7 38
7 39
7 87
8 24
8 83
9 43
9 46
9 55
9 59
10 38
12 57
12 89
13 41
14 36
14 64
14 86
16 25
16 36
16 38
16 60
16 86
18 63
18 86
19 52
19 59
19 62
19 64
20 58
22 24
22 67
23 23
24 54
24 57
25 55
25 58
26 47
27 37
27 46
29 24
29 29
30 58
30 64
31 48
31 60
31 76
31 92
32 60
33 34
33 35
33 91
34 25
35 58
36 36
37 9
37 60
38 36
38 66
39 4
39 22
39 23
39 41
39 48
40 1
40 5
40 13
40 33
41 38
41 39
41 66
42 13
42 18
42 25
42 78
42 82
44 14
44 37
45 14
45 19
45 58
45 82
46 25
47 6
47 37
47 76
48 18
48 66
48 75
49 0
49 9
49 17
49 20
49 40
49 47
49 52
49 63
50 6
50 20
51 1
51 7
51 11
51 66
51 69
52 14
53 11
53 33
53 65
54 78
55 5
55 14
56 10
57 21
58 22
59 7
59 23
60 78
61 8
61 9
61 21
61 25
62 6
62 16
62 17
63 9
64 2
64 3
65 14
66 5
66 69
66 83
67 29
67 36
67 43
68 14
68 17
68 52
69 8
69 77
70 10
70 17
70 78
71 20
71 77
72 88
73 6
74 4
74 40
74 48
74 52
74 56
74 61
refs
74 24
73 24
25 65
21 40
62 65
36 31
66 80
74 61
12 93
38 25
58 25
25 61
67 25
3 83
56 83
7 93
22 65
38 24
11 82
16 84
25 53
68 54
49 65
11 66
60 91
66 77
63 38
66 23
3 77
42 31
18 76
16 40
39 32
49 78
16 51
25 54
51 38
66 65
19 70
22 70
50 52
39 58
68 23
51 25
63 78
39 65
9 86
36 28
25 64
50 21
54 65
4 46
37 28
54 44
61 91
26 92
52 44
72 85
69 59
2 87
19 54
9 87
68 59
26 48
27 36
54 38
69 48
50 65
23 57
45 20
50 25
6 83
48 70
60 75
67 61
17 77
45 32
56 78
54 58
35 31
66 78
62 59
18 74
25 82
42 30
57 70
50 91
2 83
21 68
67 66
66 91
74 54
49 70
68 48
44 20
17 74
18 72
24 36
44 24
68 38
36 84
52 58
51 24
19 90
1 42
26 91
69 66
4 40
40 83
49 83
60 77
9 82
40 32
70 75
20 70
3 72
36 86
18 90
53 36
40 77
74 66
30 64
38 64
66 59
40 20
54 37
57 71
4 36
21 46
30 46
20 58
54 59
50 24
58 83
23 54
15 59
35 33
14 71
12 77
19 92
72 29
13 86
49 58
37 64
4 80
18 86
52 43
11 71
74 70
29 48
38 76
15 82
40 24
39 37
21 64
24 53
12 72
16 48
23 27
53 25
12 89
29 54
12 76
59 37
20 61
23 24
66 71
49 77
45 36
15 84
16 27
67 70
13 82
35 23
18 65
12 59
40 36
68 25
20 68
74 21
34 28
49 56
39 75
68 29
49 44
4 24
24 51
72 91
26 50
40 30
12 73
69 61
39 34
39 39
0 28
27 28
17 66
11 80
17 67
67 38
0 33
3 76
39 66
38 34
69 70
63 80
25 81
10 72
3 80
38 58
68 21
38 48
4 42
69 39
54 91
1 33
67 75
19 36
32 87
10 73
50 59
39 56
11 81
32 91
51 43
13 81
72 25
15 56
52 59
4 23
14 72
width
94
length
75
