obs
29 38
18 36
34 14
7 9
25 24
29 22
15 7
24 42
16 39
7 14
2 7
17 14
16 25
31 19
8 11
9 25
36 11
9 20
18 17
35 41
30 41
27 11
29 21
21 26
3 40
13 33
16 11
14 9
24 17
17 22
8 4
25 26
12 17
5 4
20 26
22 15
13 42
30 13
33 18
31 21
18 29
6 38
36 19
32 47
30 21
3 1
11 25
26 35
32 17
20 15
17 40
9 4
12 13
37 32
19 45
32 43
9 45
28 41
33 16
9 1
6 17
11 23
11 44
23 20
27 13
12 8
20 18
13 27
28 18
28 15
31 18
27 45
30 43
5 14
31 40
11 36
25 44
27 41
5 45
28 30
9 19
2 8
30 19
30 37
4 4
24 30
6 3
17 21
33 14
37 15
15 4
28 46
16 26
18 43
17 1
28 29
19 44
13 16
2 0
11 20
27 29
32 42
29 47
12 14
15 3
4 41
35 36
36 36
10 19
12 40
7 36
17 5
27 30
26 42
7 29
35 23
2 41
18 33
6 13
14 13
7 13
15 2
17 11
4 39
3 9
13 35
18 32
21 31
30 17
19 47
6 4
15 10
16 35
32 22
18 42
15 31
33 25
16 9
10 40
16 34
27 25
27 47
32 20
13 43
9 16
14 26
9 3
30 44
5 38
11 4
23 15
22 37
14 19
5 39
30 42
29 18
16 13
7 16
5 15
28 42
24 13
10 7
20 17
20 13
10 39
12 0
2 37
15 38
32 18
35 22
16 42
2 4
32 19
20 25
29 36
12 41
6 14
32 36
37 31
11 19
19 40
21 24
36 40
15 26
16 27
26 18
17 20
13 19
8 19
3 5
8 37
6 9
31 13
19 41
10 44
34 25
14 27
12 43
13 2
8 42
18 39
13 26
24 25
10 11
11 37
20 34
26 27
24 18
3 39
34 37
17 39
18 41
2 16
11 18
9 34
19 43
34 13
8 5
36 38
26 20
32 37
27 28
11 28
37 19
22 26
36 15
15 33
16 32
35 19
9 11
29 25
5 8
18 15
14 0
10 42
5 44
24 32
35 44
8 7
35 17
36 24
26 15
3 43
17 8
11 45
12 39
12 15
34 44
10 30
28 27
2 43
23 35
16 10
15 41
37 38
16 29
4 38
31 15
32 21
36 20
21 45
20 22
3 14
27 16
26 25
18 27
30 23
3 18
11 46
12 45
26 34
20 16
22 18
17 2
16 33
26 28
11 3
26 12
13 25
14 20
15 36
16 2
35 18
10 45
26 40
29 29
13 21
12 35
14 11
7 2
21 34
34 32
35 25
3 7
22 46
28 44
8 18
27 32
34 17
28 35
6 0
15 44
30 34
12 3
36 31
22 45
5 5
16 23
9 15
15 45
16 14
7 17
11 43
9 10
26 14
22 17
11 33
33 23
31 27
35 38
33 26
3 3
34 15
35 34
7 38
12 16
31 32
36 35
8 2
27 44
18 16
3 6
21 44
7 15
12 42
27 20
10 15
10 34
26 44
3 17
4 13
29 16
3 13
14 6
8 1
26 30
19 17
3 4
33 40
27 14
22 30
22 13
9 41
32 32
21 25
23 27
32 38
6 18
7 4
5 13
29 40
23 21
25 23
36 29
32 41
22 14
24 11
30 32
29 46
12 10
15 23
14 1
31 33
21 15
12 1
26 36
8 17
29 15
22 35
25 32
17 34
23 22
27 22
11 8
17 24
8 16
9 35
17 33
4 2
35 11
4 5
6 11
20 28
13 20
12 22
10 38
12 36
22 28
16 7
35 28
9 2
27 38
30 24
28 14
34 19
35 13
36 27
17 29
4 16
32 44
30 36
27 12
7 11
35 27
22 32
26 13
17 4
20 45
36 30
6 44
24 37
12 6
6 29
25 43
16 36
4 1
35 37
34 28
6 10
17 28
37 37
13 38
31 42
0 14
18 38
17 26
11 0
17 13
34 33
15 14
23 17
27 43
7 3
20 42
14 7
25 29
5 18
15 37
26 31
34 29
2 11
14 14
15 21
14 45
37 17
35 20
25 17
16 40
6 1
14 3
8 34
12 25
5 37
4 15
30 27
22 31
7 6
14 39
21 11
6 15
18 22
5 3
33 17
1 15
9 44
8 3
5 16
9 37
23 31
23 24
5 17
26 38
18 23
27 35
34 31
27 21
15 24
15 8
29 35
14 23
36 18
13 4
10 25
17 25
18 37
17 42
15 13
30 14
17 27
11 21
27 19
33 28
34 42
13 22
27 36
23 45
26 29
3 11
36 37
13 9
27 33
3 0
30 35
18 40
10 41
7 37
12 19
27 26
35 33
1 16
8 39
28 13
4 45
11 29
36 28
18 31
11 35
7 41
21 16
37 42
9 39
20 27
22 43
2 13
21 35
18 44
18 20
32 27
15 11
32 35
25 18
25 41
19 13
17 41
9 8
29 17
25 37
11 5
36 42
3 38
24 27
29 26
4 44
18 19
14 34
14 37
31 25
16 37
7 5
15 9
17 10
16 21
35 29
20 12
11 9
20 21
3 8
15 19
35 12
10 43
18 34
14 36
13 5
21 13
1 12
30 26
30 15
23 30
28 45
32 23
13 13
36 17
36 33
19 42
16 0
16 43
20 30
12 33
8 0
9 7
5 6
33 12
12 4
30 30
37 18
24 44
16 6
24 14
23 46
21 21
26 45
4 37
23 47
26 43
11 6
5 41
34 45
29 28
34 36
32 30
13 34
14 21
4 0
28 38
12 5
2 1
20 31
8 40
15 22
10 16
36 16
33 22
23 26
28 20
35 16
1 17
8 43
29 43
30 40
19 23
29 42
17 38
12 20
24 47
26 17
0 12
32 15
6 8
33 13
18 28
1 42
29 20
1 20
12 37
16 8
17 7
19 46
34 27
22 25
24 16
1 14
35 43
28 32
32 26
18 21
27 42
14 8
6 7
15 5
11 39
20 37
30 38
24 46
17 43
20 24
27 15
35 15
31 22
14 22
16 1
26 37
20 43
30 20
1 22
18 25
10 8
7 0
15 34
25 28
28 43
26 32
9 43
6 2
28 26
17 3
7 34
4 6
6 5
29 24
36 22
23 32
13 15
12 34
26 26
21 18
32 24
20 32
29 44
27 31
21 12
16 28
16 5
14 25
16 3
7 35
3 16
28 25
15 28
4 17
14 2
8 38
8 10
33 15
5 46
13 40
8 9
2 14
9 14
4 9
27 24
11 14
4 14
28 36
33 21
25 40
11 42
2 17
32 25
24 23
33 44
29 37
14 38
1 23
20 14
36 34
16 38
29 32
36 41
22 27
22 36
5 9
21 14
16 20
11 38
27 40
17 17
16 24
20 36
33 20
14 4
10 18
21 30
33 41
25 45
32 33
34 11
28 28
15 40
25 38
24 21
31 30
29 45
35 45
31 28
25 14
32 45
10 3
25 16
10 10
25 36
4 18
21 43
34 26
6 16
31 23
25 12
16 19
26 11
19 16
34 12
2 9
20 47
24 31
32 46
15 20
5 0
6 34
25 15
5 1
11 1
4 3
27 46
22 44
9 36
13 1
23 13
11 7
9 5
14 44
35 31
17 23
2 3
22 21
18 24
17 9
37 41
13 7
3 15
13 41
15 32
34 18
28 37
21 42
33 29
28 31
25 11
8 15
35 24
4 46
10 36
31 16
37 33
17 32
32 34
31 44
12 7
34 43
31 41
24 22
29 27
31 36
32 13
35 40
21 37
11 41
15 42
19 39
27 37
31 35
31 17
28 19
28 12
24 28
33 43
3 10
20 35
32 28
29 31
23 34
20 20
15 39
2 6
34 40
12 38
2 40
30 31
14 41
16 4
15 1
9 18
23 37
36 32
26 21
29 13
2 18
24 45
26 41
34 41
32 29
21 47
29 14
30 18
22 16
20 23
13 44
28 33
17 6
30 25
21 36
18 18
14 35
36 25
9 38
11 34
14 33
21 22
10 46
35 21
3 2
18 46
13 0
9 9
16 41
18 45
21 20
23 14
23 36
12 44
10 29
32 14
21 32
9 6
2 10
10 2
11 16
23 42
18 47
13 10
15 35
11 10
14 40
27 17
19 19
19 22
17 31
16 31
31 31
7 1
37 36
22 47
25 30
13 18
3 41
25 13
10 0
33 27
30 45
1 43
11 22
4 11
21 17
28 16
10 9
8 14
24 20
31 20
36 23
21 23
22 22
7 8
18 14
11 15
25 25
23 12
28 17
2 42
13 37
7 7
13 3
26 24
9 0
31 14
21 46
19 14
7 18
13 14
11 17
29 41
31 47
24 15
33 24
10 33
31 26
0 13
0 15
23 23
7 10
36 12
23 28
31 45
19 24
28 23
11 40
13 36
6 6
13 8
10 28
33 19
12 2
11 2
10 5
29 23
24 43
12 18
12 21
35 14
12 26
31 24
6 35
15 29
30 22
37 16
3 37
12 11
15 27
20 46
2 39
22 34
18 13
35 35
31 34
27 34
28 34
22 23
23 44
8 20
36 21
12 30
9 40
12 9
29 19
14 10
4 10
23 18
8 25
13 23
0 16
4 40
28 22
28 11
7 40
36 26
12 29
17 36
15 6
33 42
2 38
26 33
8 6
26 23
30 33
37 40
24 26
24 36
31 29
12 23
22 42
32 16
35 30
23 43
10 4
27 27
34 16
8 36
5 11
29 33
23 16
31 46
31 43
20 44
3 42
28 24
10 17
22 20
8 41
29 30
17 18
25 27
20 11
9 17
19 21
17 0
30 28
13 39
31 37
21 28
12 46
10 14
15 0
26 16
17 35
27 23
30 16
9 42
19 20
2 2
13 45
14 42
11 11
10 1
27 18
2 15
4 7
5 2
11 30
26 22
13 6
2 5
5 10
28 40
32 31
35 42
24 24
14 43
15 25
1 19
30 29
24 12
17 19
33 45
25 42
23 25
25 31
19 15
21 27
8 35
35 32
15 43
31 38
16 22
10 20
22 24
8 8
28 21
4 8
13 11
6 40
28 47
10 6
5 40
1 13
13 17
6 39
23 11
29 34
1 18
18 35
9 33
17 37
14 5
5 7
10 37
6 37
18 26
35 26
7 39
pois
0 3
0 5
0 8
0 10
0 11
0 19
0 22
0 30
0 35
0 38
0 41
0 42
0 43
1 0
1 1
1 8
1 29
1 36
2 21
2 22
2 26
2 27
2 34
2 35
2 44
2 47
3 12
3 27
3 29
3 31
3 46
4 21
4 31
4 35
5 19
5 20
5 22
5 28
5 35
5 36
5 43
6 12
6 19
6 24
6 25
7 21
7 22
7 25
8 22
8 23
8 28
8 29
8 32
8 44
8 47
9 23
9 26
9 46
10 12
10 13
10 21
10 31
11 12
11 13
11 24
11 47
12 27
13 31
13 46
13 47
14 15
14 24
14 46
14 47
15 17
15 30
15 47
16 17
17 12
17 45
18 1
18 2
18 6
18 8
18 10
19 4
19 6
19 9
19 10
19 11
19 26
19 27
19 35
19 36
19 37
20 5
20 10
20 19
21 10
21 19
22 10
22 12
22 38
22 39
22 40
23 1
23 3
23 33
23 41
24 29
24 35
24 38
25 0
25 7
25 9
25 35
26 3
26 6
26 7
26 19
27 6
27 9
28 1
28 2
28 5
28 7
28 8
29 2
29 4
29 5
29 11
29 12
30 2
30 3
30 8
30 10
30 47
31 3
31 6
31 7
31 11
31 39
32 4
32 8
33 1
33 6
33 8
33 9
33 30
33 31
33 32
33 36
33 39
33 47
34 1
34 2
34 5
34 10
34 23
34 24
34 34
34 39
35 4
35 6
35 7
35 8
35 10
36 2
36 6
36 47
37 3
37 6
37 9
37 10
37 21
37 23
37 24
37 27
37 34
37 43
refs
20 41
14 32
8 12
36 14
37 13
33 46
19 38
7 45
24 29
10 21
16 18
5 30
33 11
9 46
10 35
11 26
0 21
24 39
9 27
6 45
34 20
24 41
6 41
13 28
16 44
13 46
12 28
19 18
25 46
19 29
32 12
2 19
20 38
37 35
0 24
26 19
33 38
17 16
34 35
12 27
6 47
32 11
30 46
36 43
19 33
7 19
22 12
11 13
19 25
36 46
34 30
14 28
37 30
33 30
17 44
8 13
14 18
34 24
29 12
37 34
16 46
37 20
25 35
36 13
0 17
25 19
25 33
8 44
17 15
25 22
19 30
24 38
2 24
19 12
34 34
4 42
34 38
32 40
1 41
7 43
6 36
24 35
7 42
8 33
14 15
26 46
14 24
6 42
20 19
2 12
5 33
width
48
length
38
